01_A	01_B	06_A	06_B	07_A	07_B	11_A	11_B	AE_A	AE_B	AM_A	AM_B	R_A	R_B	AC_A	AC_B	44A	44B	49A	49B	50A	50B	55A	55B
129	129	126	126	100	100	99	132	116	116	90	99	84	84	83	83	104	104	103	106	114	123	131	131
132	132	129	138	100	127	126	129	116	116	90	93	84	87	80	80	104	104	106	106	117	117	131	134
132	132	129	138	100	127	126	129	116	116	90	93	84	87	80	80	95	104	106	106	117	117	131	134
126	129	111	111	103	127	99	132	116	116	90	99	84	90	80	80	104	104	91	91	117	120	131	131
129	129	111	126	115	127	99	120	116	116	93	93	84	84	71	80	104	104	103	106	123	123	131	134
129	129	126	135	127	127	120	129	116	116	93	93	84	84	80	80	104	104	103	106	120	120	131	131
129	129	129	135	100	127	126	129	116	116	90	93	84	87	80	80	104	104	106	106	117	117	131	134
129	129	129	135	100	127	126	129	116	116	90	93	84	87	80	83	104	104	106	106	117	117	131	134
129	135	120	126	124	127	120	153	116	116	90	93	84	84	80	83	104	107	103	103	117	117	131	152
117	129	126	126	100	100	99	132	116	125	93	99	84	93	80	83	104	107	91	103	114	123	128	131
129	129	111	126	121	127	132	153	116	116	90	90	84	93	80	116	104	104	91	106	114	120	131	131
129	129	111	111	100	127	99	117	116	125	93	93	84	87	71	80	104	104	103	106	120	120	131	131
129	129	111	132	112	127	120	144	116	116	90	93	84	84	71	83	104	107	91	103	117	117	131	131
126	126	126	132	97	124	117	123	113	113	87	90	78	81	77	80	101	101	103	103	114	114	128	131
129	129	111	126	115	127	99	141	116	125	90	93	84	87	80	83	104	104	91	103	114	114	131	137
129	129	129	135	100	127	126	129	116	116	90	93	84	87	80	83	104	104	106	106	117	117	131	134
129	135	120	126	127	133	120	153	116	116	90	93	84	84	80	83	104	107	103	103	117	117	131	152
117	129	126	126	100	100	99	132	116	125	93	99	84	93	80	83	104	107	91	103	114	123	128	131
117	129	126	126	100	100	99	132	116	125	93	99	84	93	80	83	104	107	91	103	114	123	128	131
129	129	111	111	100	139	99	162	116	116	90	99	84	87	80	80	0	0	97	103	120	123	131	149
132	132	111	126	100	139	99	171	116	116	84	93	81	84	80	80	104	104	91	106	120	123	131	137
129	129	126	126	115	121	99	99	116	116	90	93	84	84	71	71	104	107	91	103	120	126	131	137
129	129	135	135	100	127	126	129	116	125	90	105	84	93	59	80	104	104	106	106	117	117	131	134
117	129	126	126	100	100	99	132	116	125	93	99	84	93	80	83	104	107	91	103	114	123	131	131
129	129	111	126	100	127	132	138	116	116	90	90	84	93	80	83	104	104	91	106	114	123	131	131
117	129	126	126	100	100	99	132	116	125	93	99	84	93	80	83	104	107	91	103	114	123	128	131
129	129	111	114	100	100	99	147	116	125	90	93	84	84	77	80	104	104	91	106	117	123	122	131
129	135	111	132	100	112	99	99	116	125	96	99	84	84	71	80	92	104	103	103	120	120	137	137
129	135	111	111	100	100	150	150	116	125	93	99	84	84	71	71	104	104	91	91	114	120	131	131
126	129	111	111	127	136	129	147	116	125	90	99	84	84	71	80	92	104	91	103	120	120	122	137
129	135	111	132	100	112	99	99	116	125	96	99	84	84	71	80	92	104	103	103	120	120	137	137
117	129	126	135	127	130	126	147	116	116	90	93	84	84	80	83	104	104	106	106	117	123	131	134
126	129	111	111	127	136	129	147	116	125	90	99	84	84	71	80	92	104	91	103	120	120	122	137
129	138	111	138	100	124	129	132	116	116	90	90	84	84	71	71	92	107	91	106	123	126	131	131
117	129	126	135	127	130	126	147	116	116	90	93	84	84	80	83	104	104	106	106	117	123	131	134
126	129	111	111	127	136	129	147	116	125	90	99	84	84	71	80	92	104	91	103	120	120	122	137
129	129	111	126	109	115	99	153	116	125	90	90	84	90	71	80	104	104	106	106	117	117	131	134
132	132	117	126	106	112	138	150	116	125	90	93	84	84	80	80	104	107	103	106	114	114	131	137
126	129	111	111	127	136	129	147	116	125	90	99	84	84	71	80	92	104	91	103	120	120	122	137
117	129	111	126	112	139	120	144	116	125	93	96	87	90	80	80	104	104	106	106	117	120	134	158
102	129	111	111	112	118	138	141	116	116	90	99	87	90	80	83	104	107	106	106	117	117	131	146
132	138	111	111	106	127	120	153	116	116	96	99	90	90	80	80	104	104	100	106	120	120	134	137
132	132	111	111	118	139	138	159	116	116	96	96	90	90	80	80	104	107	106	106	120	120	131	134
117	129	111	111	100	127	99	147	116	125	90	90	84	93	80	80	104	104	103	106	117	120	131	131
129	129	111	126	91	91	99	126	116	116	93	93	84	93	71	71	92	104	106	106	117	120	143	155
129	138	111	129	112	118	141	159	116	125	93	99	84	84	80	80	104	104	103	106	117	120	134	149
129	132	111	111	106	127	141	141	116	125	90	99	87	90	80	83	104	107	91	106	117	126	131	137
129	129	117	117	112	112	99	126	116	125	84	96	84	90	71	80	104	107	106	106	117	117	131	134
129	129	117	117	112	112	99	126	116	125	84	96	84	90	71	80	104	107	103	106	117	117	131	134
129	132	111	126	106	112	138	144	125	125	90	93	87	87	71	80	104	104	106	106	117	123	131	134
117	117	111	126	118	124	99	123	125	125	90	90	87	87	77	80	104	104	97	106	120	120	131	137
126	126	111	129	124	133	99	132	116	116	87	90	84	84	80	80	104	104	91	106	120	126	122	131
129	132	111	129	91	127	120	147	116	125	90	93	75	90	80	80	104	104	106	106	120	120	155	158
126	126	111	129	124	133	99	132	116	116	87	90	84	84	80	80	104	104	91	106	120	126	122	131
129	129	126	126	100	118	141	156	116	116	90	93	84	84	80	80	104	107	106	106	117	120	125	137
129	138	111	129	112	118	147	162	116	125	93	99	84	84	80	80	104	104	103	106	117	120	134	149
129	129	126	126	91	124	141	141	116	116	90	93	84	84	80	80	104	104	106	106	117	123	137	143
126	129	126	129	94	100	141	165	110	122	81	81	69	69	68	68	92	92	94	97	105	105	122	125
105	129	117	117	112	112	99	126	116	125	84	96	90	90	71	80	104	107	106	106	117	117	131	134
117	129	111	111	106	130	129	132	116	116	87	93	84	84	80	80	104	104	97	106	114	120	131	152
117	117	111	126	106	118	99	144	125	125	90	93	87	87	80	80	104	104	106	106	120	123	131	134
126	126	111	129	124	133	99	132	116	116	87	90	84	84	80	80	104	104	91	106	120	126	122	131
117	126	111	129	112	124	132	150	116	116	87	99	84	84	71	80	104	104	97	106	120	126	122	155
123	123	108	126	121	130	93	129	116	116	87	90	84	84	80	80	101	101	88	103	117	123	119	128
126	126	108	123	115	124	147	153	116	116	90	90	75	84	80	80	101	101	94	103	114	117	122	128
126	138	108	126	109	115	144	159	116	125	93	99	84	84	80	80	101	101	100	103	114	117	131	146
129	132	126	126	91	118	123	126	116	116	90	93	84	87	80	80	92	104	106	106	117	120	131	143
126	129	126	126	94	100	141	165	116	125	90	90	84	84	80	80	92	92	94	97	105	105	122	125
117	129	111	126	100	106	99	144	116	125	90	93	84	84	71	80	104	104	91	106	117	123	131	134
126	126	111	129	124	133	99	132	116	116	87	90	84	84	80	80	104	104	91	106	120	126	122	131
126	126	111	129	124	133	99	132	116	116	87	90	84	84	80	80	104	104	91	106	120	126	122	131
126	126	111	129	124	133	99	132	116	116	87	90	84	84	80	80	104	104	91	106	120	126	122	131
126	126	111	129	124	133	99	132	116	116	87	90	84	84	80	80	104	104	91	106	120	126	122	131
129	138	111	129	112	118	147	162	116	125	93	99	84	84	80	80	104	104	103	106	117	120	134	149
129	138	111	129	112	118	147	162	116	125	93	99	84	84	80	80	104	104	103	106	117	120	134	149
129	129	111	126	100	124	123	141	116	125	93	93	84	87	80	80	104	107	103	106	117	123	131	137
126	129	126	126	94	100	141	165	116	125	90	90	84	84	80	80	104	104	106	109	117	117	131	134
129	129	111	111	106	127	138	144	116	116	90	93	84	84	77	80	104	104	91	106	120	123	131	131
117	129	111	117	121	121	135	144	116	125	93	93	84	84	80	86	104	107	106	106	123	123	131	131
117	129	111	117	121	121	135	144	116	125	93	93	84	84	80	86	101	104	103	103	120	120	128	128
129	129	111	111	115	118	132	150	116	116	90	93	84	84	80	80	104	107	106	106	120	126	131	131
102	129	111	111	103	118	123	144	116	116	93	99	84	90	80	80	104	107	103	106	117	120	134	134
117	129	111	117	121	121	135	144	116	125	93	93	84	84	80	86	104	107	106	106	123	123	131	131
129	129	111	111	115	118	132	144	116	125	96	99	87	93	80	80	95	104	97	106	117	126	134	155
129	129	111	111	115	118	132	150	116	116	90	93	84	84	80	80	104	107	106	106	120	126	131	131
102	129	111	111	103	118	123	144	116	116	93	99	84	90	80	80	104	107	106	106	117	120	134	134
132	138	126	138	124	133	99	99	116	125	90	93	84	84	80	80	104	107	91	106	117	126	119	131
129	138	111	114	100	115	123	144	116	125	90	99	84	90	71	80	92	104	106	106	117	123	131	134
129	138	111	114	100	115	123	144	116	125	90	99	84	90	71	80	92	104	106	106	117	123	131	134
117	129	111	132	106	112	138	144	116	125	90	93	90	90	80	80	92	104	106	106	114	120	137	137
117	129	114	126	100	124	123	144	116	125	84	99	84	84	71	80	104	104	91	106	117	117	131	134
117	129	111	117	121	121	135	144	116	125	93	93	84	84	80	86	104	107	106	106	123	123	131	131
129	138	111	114	100	115	123	144	116	125	90	99	84	90	71	80	92	104	106	106	117	123	131	134
129	138	111	114	100	115	123	144	116	125	90	99	84	90	71	80	92	104	106	106	117	123	131	134
114	126	108	129	103	109	135	141	116	125	90	93	90	90	80	80	89	101	103	103	111	117	134	134
126	126	108	138	103	112	141	150	113	113	87	96	78	87	77	77	101	101	94	100	111	123	128	134
126	126	108	108	103	115	117	141	113	113	93	96	78	78	77	77	92	101	100	103	111	117	131	134
129	129	111	135	115	121	117	153	116	125	90	90	84	84	71	80	104	107	106	106	117	126	131	131
129	141	111	111	109	118	99	138	116	125	90	99	81	81	80	83	104	107	106	106	114	117	134	149
117	129	126	129	112	115	99	129	116	125	93	93	84	90	71	80	104	104	91	91	120	123	131	134
126	126	108	108	112	115	117	129	113	122	87	93	78	81	77	77	92	104	100	103	117	123	128	131
129	129	111	111	115	118	99	138	116	116	84	93	84	87	71	80	104	104	106	106	120	126	131	134
129	129	123	129	118	130	120	120	116	125	90	93	84	84	80	83	104	104	106	106	120	126	134	134
126	126	108	138	103	112	141	150	113	113	87	96	78	87	77	77	101	101	94	100	111	123	128	134
129	129	111	138	115	121	117	153	116	125	90	90	84	84	71	80	104	107	106	106	117	126	131	131
129	129	111	135	115	121	117	153	116	125	90	90	84	84	71	80	104	107	106	106	117	126	131	131
129	141	111	111	109	118	99	138	116	125	90	99	84	84	80	83	104	107	106	106	114	117	134	149
117	129	126	129	112	115	99	129	116	125	93	93	84	90	71	80	104	104	91	91	120	123	131	134
129	129	135	135	112	124	135	150	116	125	90	93	84	87	83	83	104	110	106	106	117	120	128	131
129	129	111	111	115	127	120	120	116	125	90	96	84	87	71	80	104	107	106	106	123	126	131	131
114	126	108	111	121	121	117	117	113	113	87	90	78	81	77	77	101	101	103	103	117	117	128	128
117	117	111	111	0	0	0	0	116	125	96	96	87	87	80	80	107	107	103	103	117	120	0	0
123	132	102	102	106	127	84	117	116	125	90	93	84	90	80	86	104	104	91	106	126	126	131	134
129	129	111	135	115	121	117	153	116	125	90	90	84	84	71	80	104	107	106	106	117	126	131	131
129	135	111	129	112	118	99	165	116	116	90	90	84	84	80	80	104	104	91	106	117	117	137	137
117	129	126	129	0	0	0	0	116	125	93	93	0	0	0	0	104	104	91	91	0	0	0	0
129	135	111	129	112	118	99	165	116	116	90	90	84	84	80	80	104	104	91	106	117	117	137	137
129	129	111	111	115	127	120	120	116	125	90	96	84	87	71	80	104	107	106	106	123	126	131	131
117	129	111	114	124	124	120	120	116	116	90	93	84	87	80	80	104	104	106	106	120	120	131	131
117	117	0	0	0	0	0	0	116	125	96	96	87	87	80	80	107	107	103	103	117	120	0	0
117	129	126	126	100	100	99	132	116	125	93	99	84	93	80	83	104	107	91	103	114	123	128	131
138	138	123	132	124	127	147	150	116	116	90	90	84	87	80	80	104	104	106	106	117	135	134	134
129	141	111	111	109	118	99	138	116	125	90	99	84	84	80	83	116	125	91	100	84	84	80	83
117	129	126	129	112	115	99	129	116	125	93	93	84	90	71	80	104	104	91	91	120	120	131	134
117	129	126	129	112	115	99	129	116	125	93	93	84	90	71	80	104	104	91	91	120	123	131	134
117	129	111	135	115	124	117	120	116	125	96	99	84	90	71	80	104	110	106	106	117	126	131	131
129	129	111	111	118	118	99	150	116	125	90	99	84	84	71	80	107	107	106	106	117	120	137	152
129	129	111	120	118	118	102	141	116	116	93	93	84	84	80	83	104	107	103	112	111	117	131	131
129	129	111	129	100	103	99	138	116	116	90	90	84	90	80	80	104	104	103	106	114	126	131	131
129	132	111	123	100	115	138	144	116	125	90	90	84	84	80	80	104	104	103	112	117	120	131	131
129	138	111	111	100	124	99	141	116	125	90	99	84	87	80	80	104	110	91	91	117	117	134	137
129	135	111	123	100	103	99	138	116	116	90	93	84	84	80	80	104	104	97	103	120	126	131	134
135	135	111	132	115	115	141	144	116	116	90	93	84	87	80	80	104	107	106	112	114	114	131	131
129	129	111	132	100	112	93	99	116	116	90	93	84	87	80	80	104	104	103	106	114	126	131	131
138	138	111	111	100	100	99	144	116	116	90	93	84	84	80	80	104	107	106	106	126	126	134	134
129	129	111	120	118	118	102	141	116	116	93	93	84	84	80	83	104	107	103	112	111	117	131	131
129	129	111	129	100	106	99	138	116	116	90	90	84	90	80	80	104	104	103	106	114	126	131	131
129	132	111	123	100	115	138	144	116	125	90	90	84	84	80	80	104	104	103	112	117	120	131	131
132	135	111	111	91	100	141	144	116	116	99	99	84	84	80	89	104	107	106	112	114	114	128	131
129	135	111	123	0	0	99	99	116	116	90	93	84	84	80	80	104	104	97	103	120	126	131	134
135	135	126	135	121	133	99	99	116	116	90	90	84	90	80	80	107	110	103	109	126	126	122	134
129	135	111	111	100	121	120	144	116	116	90	93	84	84	80	80	104	107	103	103	120	120	131	137
129	129	111	132	100	112	93	99	116	116	90	93	84	87	80	80	104	104	103	106	114	126	131	131
129	132	111	132	112	115	144	150	116	116	93	93	84	84	80	80	104	104	103	109	111	120	131	134
132	132	111	123	112	115	93	138	116	116	90	90	81	81	80	83	104	110	106	112	114	117	128	131
129	132	111	111	115	133	129	144	116	125	90	93	84	87	80	80	104	104	106	112	117	126	131	131
117	129	111	111	100	118	144	144	116	116	90	102	84	87	80	80	92	104	103	112	117	117	131	131
129	162	126	129	94	124	129	138	116	116	90	93	84	84	80	80	104	104	103	109	117	120	131	134
135	135	111	132	115	115	141	144	116	116	90	93	84	87	80	80	104	107	106	112	114	114	131	131
129	129	111	111	106	130	141	147	116	116	90	93	84	87	83	83	104	107	106	109	123	126	134	182
129	129	111	132	100	112	93	99	116	116	90	93	84	87	80	80	104	104	103	106	114	126	131	131
135	135	132	138	100	103	138	141	116	116	90	90	84	84	80	80	101	104	103	106	117	126	131	131
138	138	111	126	91	91	144	147	116	116	90	93	81	87	80	83	92	104	103	109	114	114	131	131
129	129	111	111	91	100	93	141	116	125	90	93	84	87	80	80	104	104	103	106	120	126	131	131
129	129	126	135	94	103	138	141	116	116	90	90	84	84	80	80	104	104	97	106	114	117	131	137
129	129	120	126	103	115	126	147	116	116	90	99	84	102	80	80	104	104	103	106	117	126	131	131
138	138	126	129	94	100	144	144	116	116	84	93	84	90	80	83	104	104	106	106	117	117	131	131
132	135	111	111	106	112	120	147	116	116	90	93	84	87	80	83	104	107	106	109	123	123	131	131
129	129	111	126	103	103	141	144	116	116	90	90	84	84	80	80	104	107	97	112	117	117	131	137
132	132	117	123	112	127	93	99	116	116	90	90	84	87	83	89	104	107	106	106	120	123	131	131
132	141	111	132	100	100	99	144	116	116	90	93	84	87	80	80	92	104	103	109	117	126	131	131
132	135	111	126	100	100	114	147	116	116	90	90	84	87	83	83	104	107	103	109	0	0	131	134
132	132	111	120	115	121	132	141	116	116	90	96	84	87	80	80	104	107	106	112	120	126	131	131
141	141	111	132	100	112	120	138	116	116	90	93	84	87	80	89	104	110	97	109	117	117	131	131
129	129	111	111	109	115	99	138	116	116	93	96	84	84	80	80	104	107	100	109	114	126	131	134
129	129	111	123	109	115	99	135	116	116	90	93	84	87	80	80	92	104	100	103	114	123	131	131
129	135	111	132	103	103	114	114	116	116	93	99	0	0	80	80	104	104	106	109	0	0	131	131
129	132	114	123	112	118	99	117	116	116	90	96	87	87	83	83	104	107	97	103	117	126	134	134
129	129	111	123	112	121	99	132	116	116	90	93	87	87	80	89	104	107	106	112	120	123	131	131
129	129	111	123	103	121	99	141	116	116	90	93	84	87	80	89	92	107	106	106	120	126	131	131
129	135	111	111	100	130	144	147	116	125	90	90	84	87	59	80	104	104	106	112	123	126	131	134
102	138	111	132	100	112	120	138	116	116	90	93	84	87	80	89	104	110	97	109	117	117	131	131
135	138	111	111	100	100	141	141	116	116	90	90	81	87	80	80	92	104	109	109	117	123	131	131
129	138	111	123	118	121	99	132	116	116	90	93	87	87	80	89	104	104	103	112	117	120	131	131
129	129	111	111	100	100	138	138	116	116	93	93	84	90	80	80	104	107	103	109	111	123	131	131
129	129	120	123	91	121	99	132	116	116	93	96	84	87	80	80	104	107	106	112	114	120	122	131
129	129	117	123	112	124	93	99	116	116	90	90	84	87	83	89	104	107	106	106	120	123	131	131
129	129	111	123	103	121	99	141	116	116	90	93	84	87	80	89	92	107	106	106	120	126	131	131
129	129	123	126	103	115	123	150	116	116	90	90	84	84	80	80	104	104	103	103	114	126	131	134
129	129	111	111	100	133	99	165	116	116	90	93	84	84	80	80	107	107	97	103	114	117	131	182
129	132	111	123	100	103	114	141	116	116	93	96	84	87	80	80	92	104	109	109	120	126	137	173
129	132	111	126	94	118	93	147	116	125	90	99	84	84	80	80	104	107	103	103	120	126	131	131
129	135	111	132	103	103	114	150	116	116	93	99	81	90	80	80	104	104	106	109	117	126	131	131
129	129	111	123	112	133	129	132	116	116	90	90	84	84	80	83	104	107	106	109	114	123	131	131
129	129	111	123	112	121	99	132	116	116	90	93	87	87	80	89	104	107	106	112	120	123	131	131
129	129	111	123	103	121	99	141	116	116	90	93	84	87	80	89	92	107	106	106	120	126	131	131
129	129	111	126	91	91	114	138	116	116	93	93	84	90	80	80	92	104	106	112	120	120	131	134
129	129	111	111	100	133	99	165	116	116	90	93	84	84	80	80	107	107	97	103	114	117	131	182
129	129	111	111	109	115	99	138	116	116	93	96	84	84	80	80	104	107	100	109	114	126	131	134
129	129	111	123	109	115	99	135	116	116	90	93	84	87	80	80	92	104	100	103	114	123	131	182
132	135	111	129	100	115	141	141	116	116	99	105	84	84	80	80	104	107	91	106	117	117	131	131
138	138	111	135	100	103	138	147	116	125	93	96	84	84	80	80	104	104	103	106	126	126	128	131
132	132	126	138	91	112	93	147	116	116	93	93	81	87	80	80	104	104	103	106	114	114	131	134
138	141	111	111	103	124	93	129	116	116	90	96	87	87	80	83	104	107	103	106	111	117	131	134
129	129	111	111	91	100	132	132	116	116	93	93	84	87	80	80	104	104	94	106	126	126	131	131
135	135	111	138	103	136	123	147	116	116	90	90	84	84	80	80	104	107	106	109	114	126	131	131
117	129	111	132	91	115	93	99	116	116	90	93	81	87	80	80	104	107	103	103	114	120	128	131
129	129	111	126	100	115	141	147	116	116	90	102	84	102	80	80	104	104	94	94	117	120	128	131
138	141	111	111	103	124	93	129	116	116	90	96	87	87	80	83	104	107	103	106	111	117	131	134
135	135	111	135	100	103	138	147	116	125	93	96	84	84	80	80	104	104	103	106	126	126	128	131
126	129	126	135	91	112	147	147	116	116	90	93	84	87	80	80	104	104	103	106	114	114	131	134
129	129	111	111	91	100	132	132	116	116	93	93	84	87	80	80	104	104	94	106	126	126	131	131
135	159	111	132	91	127	141	141	116	116	93	102	81	81	80	80	104	104	103	106	114	126	131	131
129	132	111	111	115	115	144	150	116	116	90	102	84	87	80	80	104	107	103	112	114	117	131	131
129	129	132	132	91	91	93	99	116	116	93	93	84	87	80	80	104	104	103	106	114	120	131	134
129	129	111	111	91	100	132	132	116	116	93	93	81	87	80	80	104	104	94	106	126	126	131	131
129	129	111	132	109	112	126	135	116	116	90	90	87	87	80	80	104	107	103	106	126	126	131	134
135	135	111	123	91	112	141	144	116	116	90	93	84	84	80	80	92	107	106	106	117	126	134	134
129	135	111	135	112	130	99	120	116	116	93	93	81	81	80	80	104	110	103	109	117	126	122	131
129	135	111	135	112	130	99	120	116	116	93	93	84	84	80	80	104	110	103	109	117	126	122	131
129	171	111	138	91	124	132	135	116	116	96	102	84	87	80	80	104	104	106	106	114	120	131	137
129	129	111	111	100	103	138	147	116	116	90	96	81	81	83	83	104	104	106	109	120	120	131	134
129	135	111	135	112	130	99	120	116	116	93	93	0	0	80	80	104	110	103	109	117	126	122	131
129	135	111	135	112	130	99	120	116	116	93	93	84	84	80	80	104	110	103	109	117	126	122	131
129	135	111	135	112	130	99	120	116	116	93	93	84	84	80	80	104	110	103	109	117	126	122	131
129	132	111	111	100	100	117	150	116	125	90	93	84	84	80	80	104	107	106	109	123	126	131	131
129	135	126	135	100	115	138	141	116	116	90	90	84	84	80	80	107	110	103	112	114	114	131	131
129	135	111	135	112	130	99	120	116	116	93	93	84	84	80	80	104	110	103	109	117	126	122	131
129	135	111	135	112	130	99	120	116	116	93	93	84	84	80	80	104	110	103	109	117	126	122	131
129	135	111	135	112	130	99	120	116	116	93	93	84	84	80	80	104	110	103	109	117	126	122	131
102	129	111	132	100	115	141	144	116	116	90	90	84	87	80	80	92	104	103	109	114	126	131	131
129	129	111	111	100	103	138	147	116	116	90	96	84	84	83	83	104	104	106	109	120	120	131	134
129	132	111	132	100	103	138	138	116	125	90	93	84	84	80	80	104	107	103	106	117	126	131	131
129	135	111	135	112	130	99	120	116	116	93	93	84	84	80	80	104	110	103	109	117	126	122	131
102	129	111	132	100	115	141	144	116	116	90	90	84	87	80	80	104	104	103	109	114	126	131	131
102	129	111	132	100	115	141	144	116	116	90	90	84	87	80	80	104	104	103	109	114	126	131	131
132	138	111	123	103	130	129	138	116	125	93	93	84	84	80	80	104	104	109	109	117	126	131	134
129	129	111	129	100	100	111	144	116	116	93	96	87	87	80	80	104	104	103	106	117	120	131	134
129	129	111	111	100	100	111	144	116	116	93	96	87	87	80	80	104	104	103	106	117	120	131	134
129	129	111	111	100	100	111	144	116	116	93	96	87	87	80	80	104	104	103	106	117	120	131	134
129	129	111	111	100	100	111	144	116	116	93	96	87	87	80	80	104	104	103	106	117	120	131	134
129	129	111	129	100	100	111	144	116	116	93	96	87	87	80	80	104	104	103	106	117	120	131	134
129	129	111	129	100	100	111	144	116	116	93	96	87	87	80	80	104	104	103	106	117	120	131	134
129	138	111	126	115	118	141	144	116	116	90	90	84	84	80	80	104	107	103	106	114	114	131	131
129	129	111	129	100	100	111	144	116	116	93	96	87	87	80	80	104	104	103	106	117	120	131	134
129	129	111	129	100	100	111	144	116	116	93	96	87	87	80	80	104	104	103	106	117	120	131	134
129	129	111	129	100	100	111	144	116	116	93	96	87	87	80	80	104	104	103	106	117	120	131	134
129	129	111	129	97	100	111	144	116	116	93	96	87	87	80	80	104	104	103	106	117	120	131	134
129	129	111	129	100	100	117	144	116	116	93	96	87	87	80	80	104	104	103	106	117	120	131	134
129	129	111	111	109	112	126	135	116	116	90	90	87	87	80	80	104	107	103	106	126	126	131	134
129	135	126	129	115	118	126	147	116	116	90	93	84	87	80	80	104	104	106	109	117	123	131	131
132	135	111	111	103	115	114	132	116	125	90	90	84	87	80	80	92	104	103	115	111	111	140	143
120	168	126	126	103	103	147	156	116	116	90	96	87	90	80	80	104	104	106	109	120	120	131	131
132	138	111	138	106	148	138	159	116	116	93	102	84	84	80	80	104	104	106	106	117	123	131	140
135	138	120	123	106	112	93	114	116	125	90	93	81	84	80	80	104	104	106	112	117	117	131	134
126	141	129	129	103	103	141	141	116	116	93	93	84	84	80	80	92	104	106	106	114	120	131	131
129	135	126	129	100	112	141	159	116	125	90	93	81	84	80	83	95	104	103	106	117	120	137	140
132	135	111	111	103	115	114	132	116	125	90	90	84	87	80	80	92	104	103	115	111	111	140	143
129	135	111	111	100	112	138	147	116	116	90	93	84	87	80	80	104	107	106	109	117	120	122	131
138	180	120	138	100	103	135	141	116	116	90	93	84	84	80	80	104	104	106	106	114	117	131	134
126	129	114	129	106	124	120	138	116	116	90	90	84	87	80	86	104	110	109	112	117	120	131	131
126	135	126	129	94	103	120	141	116	125	90	93	84	87	80	80	104	110	106	109	114	120	131	131
120	120	111	111	106	106	114	123	116	116	90	90	81	81	80	80	104	104	103	109	117	117	131	131
117	129	111	129	112	124	123	156	116	116	90	102	87	87	80	83	92	104	106	109	117	120	140	140
129	135	111	111	100	112	138	147	116	116	90	93	81	84	77	80	104	107	106	109	117	120	122	131
135	180	120	135	100	103	135	141	116	116	90	93	84	84	80	80	104	104	106	106	114	117	131	134
126	129	114	129	106	124	120	138	116	116	90	90	84	87	80	86	104	110	109	112	117	120	131	131
126	129	114	129	106	124	120	138	110	110	81	81	69	75	68	68	104	110	109	112	117	120	131	131
132	141	111	129	100	130	144	147	116	116	90	90	84	84	80	80	104	107	103	112	120	126	131	131
117	132	111	129	112	115	144	147	116	125	93	93	81	84	80	80	104	107	106	106	117	117	122	140
129	132	126	126	112	118	93	141	116	116	93	93	84	84	80	83	104	107	106	109	117	123	122	131
135	180	120	135	100	103	135	141	116	116	90	93	84	84	80	80	104	104	106	106	114	117	131	134
126	129	114	129	106	124	120	138	116	116	90	90	84	87	80	86	104	110	109	112	117	120	131	131
126	129	111	126	94	118	123	147	116	116	90	93	84	90	80	83	104	104	106	106	117	117	134	137
126	129	111	126	94	118	123	147	116	116	90	93	84	90	80	83	104	104	106	106	117	117	134	137
117	129	111	123	112	127	129	141	116	116	93	93	84	87	80	80	104	104	109	112	120	120	140	140
129	129	111	111	100	115	120	123	116	116	90	96	75	84	80	80	104	104	106	106	117	117	134	134
126	129	111	126	94	118	123	147	116	116	90	93	84	90	80	83	104	104	106	106	117	117	134	137
126	129	111	126	94	118	123	147	116	116	90	93	84	90	80	83	104	104	106	106	117	117	134	137
126	129	111	126	94	118	123	147	116	116	90	93	84	90	80	83	104	104	106	106	117	117	134	137
129	129	111	129	100	112	132	138	116	116	93	96	84	87	80	80	104	104	91	103	120	120	131	140
126	129	111	126	94	118	123	147	116	116	90	93	84	90	80	83	104	104	106	106	117	117	134	137
126	129	111	126	94	118	123	147	116	116	90	93	81	90	80	83	104	104	106	106	117	117	134	137
129	129	111	129	100	112	132	138	116	116	93	96	84	87	80	80	104	104	91	103	120	120	131	140
129	129	111	135	94	94	138	147	116	125	90	93	81	84	80	80	104	107	91	106	117	120	134	140
126	129	111	126	94	118	123	147	116	116	90	93	81	90	80	83	104	104	106	106	117	117	134	137
126	129	111	126	94	118	123	147	116	116	90	93	84	90	80	83	104	104	106	106	117	117	134	137
129	129	111	129	100	112	132	138	116	116	93	96	84	87	80	80	104	104	91	103	120	120	131	140
129	135	111	129	100	124	135	141	116	116	90	93	84	90	80	80	104	107	106	112	117	123	131	131
129	129	129	132	100	121	123	150	116	116	93	96	84	84	77	80	92	104	106	106	114	126	131	131
135	135	111	111	100	103	123	123	116	116	90	93	78	81	80	80	104	107	106	112	120	120	131	134
135	135	111	132	100	103	123	123	116	116	90	96	75	81	80	80	104	107	106	112	120	120	131	131
129	135	111	129	94	100	114	150	116	125	93	93	84	84	83	83	104	104	106	106	117	123	137	140
129	129	111	129	94	145	135	144	116	116	90	90	84	87	80	80	104	104	106	106	123	123	137	140
132	138	111	132	100	103	123	150	116	116	93	96	78	84	80	80	104	104	106	106	114	114	131	134
132	138	111	129	103	127	120	150	116	116	93	96	78	84	80	80	104	104	106	109	120	120	134	134
129	135	111	111	121	124	144	159	116	116	90	93	84	84	80	80	104	107	103	106	117	126	131	131
129	135	111	111	121	124	144	159	116	116	90	93	84	84	80	80	104	107	106	106	117	126	131	131
129	135	111	132	100	103	123	150	116	116	93	96	78	84	80	80	104	104	106	106	114	114	131	134
129	135	111	132	100	103	123	150	116	116	93	96	78	84	80	80	104	104	106	106	114	114	131	134
129	135	111	111	121	124	144	159	116	116	90	93	84	84	80	80	104	107	106	106	117	126	131	131
129	135	111	111	121	124	144	159	116	116	90	93	84	84	80	80	104	107	106	106	117	126	131	131
129	129	129	135	100	121	123	150	116	116	93	96	84	84	80	80	92	104	106	106	114	126	131	131
129	135	111	132	100	103	123	150	116	116	93	96	78	84	80	80	104	104	106	106	114	114	131	134
129	129	111	129	100	121	159	159	116	116	93	93	84	90	80	80	104	104	106	106	117	126	131	131
129	129	129	132	100	100	135	138	116	116	93	93	84	87	80	80	104	104	109	112	114	123	131	131
129	132	111	129	121	121	135	153	116	116	93	93	78	87	80	80	104	107	91	109	117	117	131	131
129	132	111	129	121	121	135	153	116	116	93	93	78	87	80	80	104	107	91	109	117	117	131	131
129	132	111	132	121	121	135	153	116	116	93	93	78	87	80	80	104	107	91	109	117	117	131	131
129	132	111	129	121	121	135	153	116	116	93	93	75	87	80	80	104	107	91	109	117	117	131	131
129	132	111	129	103	121	141	153	116	116	90	93	84	87	80	80	104	107	91	109	117	117	131	131
132	132	111	129	106	121	141	141	116	116	93	93	84	87	80	80	104	104	91	112	111	117	131	140
129	132	111	129	121	121	135	153	116	116	93	93	75	87	80	80	104	107	91	109	117	117	131	131
132	135	111	129	121	121	135	153	116	116	93	93	78	87	80	80	104	107	91	109	117	117	131	131
129	132	111	129	121	121	135	153	116	116	90	93	78	87	77	80	104	107	91	109	114	117	131	131
129	132	111	129	121	121	135	153	116	116	93	93	78	87	80	80	104	107	91	109	117	117	131	131
129	132	111	129	103	121	141	153	116	116	90	93	81	87	80	80	104	107	91	109	117	117	131	131
129	129	111	129	100	109	93	147	116	116	90	90	84	84	80	83	92	107	103	103	117	117	131	131
129	132	111	129	121	121	135	153	116	116	93	93	78	87	80	80	104	107	91	109	117	117	131	131
129	132	111	129	121	121	135	153	116	116	93	93	75	87	80	80	104	107	91	109	117	117	131	131
129	132	111	129	121	121	135	153	116	116	93	93	75	87	80	80	104	107	91	109	117	117	131	131
129	132	111	129	121	121	135	153	116	116	93	93	78	87	80	83	104	107	91	109	117	117	131	131
129	132	111	129	121	121	135	153	116	116	93	93	78	87	80	80	104	107	91	109	117	117	131	131
129	129	126	126	118	127	135	141	116	125	90	90	81	90	80	80	104	107	106	106	120	120	125	134
129	132	111	129	121	121	135	153	116	116	93	93	78	87	80	80	104	107	91	109	117	117	131	131
129	132	111	129	121	121	135	156	116	116	93	93	78	87	80	80	104	107	91	109	117	117	131	131
129	132	111	129	121	121	135	153	116	116	93	93	78	87	80	80	104	107	91	109	117	117	131	131
129	132	111	129	121	121	135	153	116	116	93	93	78	87	80	80	104	107	91	109	117	117	131	131
129	132	111	129	121	121	135	153	116	116	93	93	78	87	80	80	104	107	91	109	117	117	131	131
129	129	123	126	100	103	135	147	116	116	93	96	84	84	80	80	107	107	106	115	111	111	122	131
129	129	129	132	106	106	93	153	116	116	93	96	84	87	80	80	104	104	106	106	117	120	131	140
129	129	129	132	106	106	93	153	116	116	93	96	84	87	80	80	104	104	106	106	117	120	131	140
129	129	135	135	103	115	114	132	116	116	87	90	84	90	80	80	104	104	103	109	117	117	134	134
129	129	129	132	106	106	93	153	116	116	93	96	84	87	80	80	104	104	106	106	117	120	131	140
129	129	129	132	106	106	93	153	116	116	93	96	84	87	80	80	104	104	106	106	117	117	0	0
126	129	117	126	103	130	114	150	116	116	90	93	84	84	80	83	104	107	106	106	117	120	131	134
132	141	126	129	103	139	120	150	125	125	93	93	84	84	80	80	104	104	106	106	120	120	131	140
126	129	123	132	100	112	138	156	116	116	90	93	84	84	80	80	104	104	91	109	120	120	131	137
126	129	123	135	100	115	114	132	116	116	87	90	84	90	80	80	92	104	103	112	117	120	131	131
126	129	111	111	100	115	120	126	116	116	90	90	84	90	80	80	104	104	109	109	111	120	131	134
129	135	123	135	112	115	138	159	116	116	90	96	84	84	80	80	104	107	106	109	117	117	131	131
126	129	0	0	100	115	114	132	116	116	87	90	84	90	80	80	92	104	103	112	117	123	131	131
126	129	123	135	100	115	114	132	116	116	87	90	84	90	80	80	92	104	103	112	117	120	131	131
126	129	123	135	100	115	114	132	116	116	87	90	84	90	80	80	92	104	103	112	117	123	131	131
126	129	111	135	112	121	93	138	116	125	90	90	84	84	80	80	104	104	97	97	117	120	131	131
126	129	111	135	112	121	93	138	116	125	90	90	84	84	80	80	104	104	97	97	117	120	131	131
126	132	111	138	112	121	93	138	116	125	90	90	84	84	80	80	104	104	97	97	117	120	131	131
126	129	111	135	112	121	93	138	116	125	90	90	84	84	80	80	104	104	97	97	117	120	131	131
126	129	111	135	112	121	93	138	116	125	90	90	84	84	80	80	104	104	97	97	117	120	131	131
117	135	114	129	106	112	99	141	116	116	90	90	84	84	80	80	104	107	106	106	117	126	131	137
126	129	111	135	112	121	93	138	116	125	90	90	84	84	80	80	104	104	97	97	117	120	131	131
126	132	111	138	112	121	93	138	116	125	90	90	84	84	80	80	104	104	97	97	117	120	131	131
132	132	111	114	100	103	126	129	116	116	90	93	84	84	80	80	104	107	97	106	117	120	131	131
129	141	126	126	109	112	117	153	116	116	90	99	84	90	80	80	104	107	106	109	111	126	134	134
126	129	111	135	112	121	93	138	116	125	87	90	84	84	80	80	101	104	97	97	117	120	131	131
126	129	126	126	94	124	117	141	116	116	90	93	84	84	80	80	92	104	100	106	117	120	137	137
129	141	126	126	109	112	117	153	116	116	90	99	84	90	80	80	104	107	106	109	111	126	134	134
126	126	111	126	106	109	126	147	116	116	93	93	84	87	80	80	104	107	103	106	114	117	134	134
129	132	111	132	109	112	138	153	116	116	90	93	84	87	80	80	0	0	0	0	0	0	0	0
132	132	111	114	100	103	126	129	116	116	90	93	84	84	80	80	104	107	97	106	117	120	131	131
126	135	111	126	103	106	138	141	116	116	93	96	84	90	80	80	92	107	103	109	117	120	131	134
126	129	126	132	112	115	141	141	116	125	93	93	84	84	80	80	107	107	91	97	117	120	131	134
126	135	111	126	103	106	138	141	110	116	93	96	81	87	80	80	92	107	103	109	117	120	131	134
132	132	111	114	100	103	126	129	116	116	90	93	84	84	80	80	104	107	97	106	117	120	131	131
126	138	111	126	103	106	138	141	116	116	87	93	84	90	80	80	92	107	103	109	117	120	131	134
126	129	126	132	112	115	141	141	116	125	93	93	84	84	80	80	107	107	91	97	117	120	131	134
126	135	111	126	103	106	138	141	116	116	93	96	84	90	80	80	92	107	103	109	117	120	131	134
132	132	111	114	100	103	126	129	116	116	90	93	84	84	80	80	104	107	97	106	117	120	131	131
132	132	111	114	100	103	126	129	116	116	90	93	84	84	80	80	104	107	97	106	117	120	131	131
105	135	111	114	100	103	126	129	116	116	90	93	84	84	80	80	104	107	97	106	117	120	131	131
129	135	111	120	103	124	129	138	116	116	90	96	72	90	80	80	92	104	106	109	117	120	131	131
129	135	111	114	112	124	102	144	116	116	93	99	84	90	80	80	92	110	91	106	108	111	131	134
126	129	111	126	94	103	111	138	125	125	90	93	84	96	80	80	104	104	103	106	120	120	128	185
126	129	126	132	112	115	141	141	116	125	93	93	84	84	80	80	107	107	91	97	117	120	131	134
126	132	111	120	103	124	129	138	116	116	90	96	72	90	80	80	92	104	106	109	117	120	131	131
120	126	117	123	100	100	126	147	116	116	87	93	84	84	80	80	104	110	106	109	111	117	131	131
120	126	117	129	103	124	126	141	116	116	90	99	72	93	80	80	104	104	106	109	126	126	131	131
120	120	111	114	88	100	144	147	116	116	93	99	84	84	80	80	104	104	97	109	120	126	131	134
132	135	126	129	112	112	117	144	116	116	90	99	84	84	80	92	107	107	91	97	117	117	131	131
129	135	111	123	103	103	111	135	116	116	90	93	81	84	65	80	104	104	91	106	117	120	131	134
129	138	105	111	103	103	138	141	116	116	93	96	93	96	80	80	92	107	97	109	120	120	125	131
120	120	102	117	88	109	132	141	116	116	90	90	81	84	80	83	104	104	106	106	117	120	131	134
120	126	117	123	100	100	126	147	116	116	90	93	84	84	80	80	104	110	106	109	111	117	131	131
132	135	126	129	112	112	117	144	116	116	90	99	84	84	80	86	107	107	91	97	117	117	131	131
129	138	105	111	103	103	138	141	116	116	99	99	93	96	80	80	92	107	97	109	120	120	125	131
132	138	105	111	94	103	138	141	116	116	99	99	93	96	80	80	92	107	97	109	120	120	125	131
120	126	117	123	100	100	126	147	116	116	90	93	84	84	80	80	104	110	106	109	111	117	131	131
129	138	105	111	103	103	138	141	116	116	99	99	93	96	80	80	92	107	97	109	120	120	125	131
126	138	123	129	103	103	135	144	116	116	90	93	84	87	80	80	107	110	91	109	117	126	128	131
132	138	105	111	94	103	138	141	116	116	99	99	93	96	80	80	92	107	97	109	120	120	125	131
132	135	111	126	109	124	141	141	116	125	90	93	81	90	80	80	104	104	91	91	120	126	134	134
126	132	111	111	103	109	120	141	116	116	90	99	84	96	68	80	104	107	109	109	120	120	131	134
126	129	111	117	100	109	141	141	116	116	90	90	84	93	80	80	104	110	91	97	117	126	131	131
126	129	129	135	112	124	144	150	116	125	93	93	84	87	80	80	104	104	109	109	120	120	131	131
129	135	123	129	115	118	102	138	116	116	90	93	84	87	80	86	104	104	106	109	102	120	128	131
126	141	111	123	106	115	135	150	116	116	90	93	84	87	80	80	92	107	106	106	117	126	131	131
126	129	111	117	100	109	141	141	116	116	90	90	84	93	80	80	104	110	91	97	117	126	131	131
126	129	129	135	112	124	144	150	116	125	93	93	84	87	80	80	104	104	109	109	120	120	131	131
126	126	123	123	109	112	123	135	116	116	90	93	84	84	80	80	104	110	97	106	117	117	131	134
129	129	114	129	100	100	99	108	116	116	90	102	84	96	80	80	104	110	106	109	120	126	131	131
126	141	111	123	106	115	135	150	116	116	90	93	84	87	80	80	92	107	106	106	117	126	131	131
135	135	126	126	100	124	126	126	116	116	90	90	84	87	80	80	104	104	91	109	111	120	134	137
126	129	129	135	112	124	144	150	116	125	93	93	84	87	80	80	104	104	109	109	120	120	131	131
129	129	123	123	109	112	123	135	116	116	90	93	84	84	80	80	104	110	97	106	117	117	131	134
126	135	123	126	94	103	135	138	116	116	93	93	84	87	80	92	110	113	91	109	117	117	131	131
129	132	114	123	94	100	108	114	116	125	90	93	84	84	80	80	107	110	97	109	126	126	131	134
129	135	114	126	94	100	126	153	125	125	90	90	84	93	80	86	104	107	91	106	117	126	131	131
129	129	111	117	103	109	135	171	116	116	90	93	84	96	80	92	104	110	97	106	111	117	134	134
135	135	111	126	100	106	132	150	116	116	81	90	81	84	80	83	107	107	97	106	120	123	125	131
129	135	123	123	112	118	123	141	116	116	93	93	81	81	80	80	104	110	91	97	117	120	131	131
129	132	111	129	109	115	99	138	116	116	93	93	81	81	80	80	104	107	109	109	120	126	131	131
126	132	111	114	94	124	93	141	116	116	90	93	81	99	80	80	104	107	91	97	117	126	131	131
129	135	111	114	112	124	102	144	116	116	93	99	84	90	80	80	92	110	91	106	108	111	131	134
129	135	111	114	112	124	102	144	116	116	93	99	84	90	80	80	92	110	91	106	108	111	131	134
129	135	111	114	112	124	102	144	116	116	93	99	84	90	80	80	92	110	91	106	108	111	131	134
129	135	111	114	112	124	102	144	116	116	93	99	84	90	80	80	92	110	91	106	108	111	131	134
126	129	111	126	94	103	111	138	125	125	90	93	84	96	80	80	104	104	103	106	120	120	128	185
126	129	111	111	82	118	90	141	113	116	93	105	75	75	77	80	107	107	106	106	120	120	131	137
126	129	111	111	82	118	90	141	113	116	93	105	75	75	77	80	107	107	106	106	120	120	131	137
129	132	111	111	121	121	93	132	116	125	90	96	87	87	80	80	104	104	106	106	111	111	119	119
126	132	111	111	82	121	90	153	116	116	90	93	87	87	80	80	104	104	97	106	111	111	137	137
129	132	111	111	121	121	93	132	116	125	90	96	87	87	80	80	104	104	106	106	111	111	119	119
126	129	111	111	82	118	90	141	113	116	93	105	75	75	77	80	107	107	106	106	120	120	131	137
126	129	111	111	82	118	90	141	113	116	93	105	75	75	77	80	107	107	106	106	120	120	131	137
129	132	111	111	121	121	93	132	116	125	90	96	87	87	80	80	104	104	106	106	111	111	119	119
129	132	111	111	121	121	93	132	116	125	90	96	87	87	80	80	104	104	106	106	111	111	119	119
129	132	111	111	82	118	90	141	113	116	93	105	75	75	77	80	92	107	106	106	120	120	131	134
129	132	111	111	82	82	90	141	113	116	93	105	75	75	77	80	92	107	106	106	120	120	131	137
126	129	111	111	82	118	90	141	113	116	93	105	72	72	74	80	92	107	106	106	120	120	131	137
129	132	111	111	82	118	90	141	113	116	93	105	75	75	77	80	92	107	106	106	120	120	131	137
129	129	111	111	82	118	90	90	113	116	93	105	75	75	77	80	92	107	97	106	120	120	131	137
129	132	111	111	121	121	93	132	116	125	90	96	87	87	80	80	104	104	106	106	111	111	119	119
126	129	111	111	82	118	90	141	113	116	93	105	75	75	77	80	92	107	97	106	120	120	137	137
126	129	111	111	82	118	90	141	113	116	93	105	75	75	77	80	92	107	106	106	120	120	131	137
105	132	111	111	82	118	90	141	113	116	93	105	75	75	77	80	92	107	106	106	120	120	131	137
129	132	111	111	121	121	93	132	116	125	90	96	87	87	80	80	104	104	106	106	111	111	119	119
132	138	111	111	79	91	93	132	113	116	90	105	84	84	71	71	92	107	88	106	123	126	125	125
126	126	111	111	82	118	90	135	113	116	93	105	72	72	80	80	92	107	106	106	120	120	131	131
126	126	111	111	82	118	90	138	113	116	93	105	72	72	74	80	92	107	88	106	123	126	0	0
132	138	111	111	79	91	93	132	113	116	90	105	84	84	71	74	92	107	106	106	120	120	131	131
126	126	111	111	82	118	90	135	113	116	93	105	72	72	80	80	92	107	106	106	120	120	131	131
129	165	111	129	118	121	147	150	116	116	90	96	90	90	80	80	104	104	106	106	111	120	119	119
126	126	111	111	82	118	90	138	113	116	93	105	75	75	80	80	92	107	106	106	120	120	131	131
129	156	111	129	118	121	147	150	116	116	90	96	87	90	80	80	104	104	106	106	111	111	119	119
126	126	111	111	82	118	90	135	113	116	93	105	75	75	74	80	92	107	106	106	120	120	131	131
105	126	111	111	82	118	90	135	113	116	93	105	75	75	77	80	92	107	106	106	120	120	131	131
129	165	111	129	118	121	147	150	116	116	90	96	87	90	80	80	104	104	106	106	111	111	119	119
129	165	111	129	118	121	147	150	116	116	90	96	87	90	80	80	104	104	106	106	111	111	119	119
129	165	111	129	118	121	147	150	116	116	90	96	87	90	80	80	104	104	106	106	111	111	119	119
129	153	111	129	118	121	147	150	116	116	90	96	87	90	80	80	104	104	106	106	111	111	119	119
126	126	111	111	82	118	90	135	113	116	93	105	75	75	74	80	92	107	106	106	120	120	131	131
129	165	111	129	118	121	147	150	116	116	90	96	87	90	80	80	104	104	106	106	111	111	119	119
129	165	111	129	118	121	147	150	116	116	90	96	87	90	80	80	104	104	106	106	111	111	119	119
129	156	111	129	118	121	147	150	116	116	90	96	87	90	68	80	104	104	106	106	111	111	119	119
129	156	111	129	118	121	147	150	116	116	90	96	87	90	80	80	104	104	106	106	111	111	119	119
126	126	111	111	82	118	90	135	113	116	93	105	75	75	77	80	92	107	106	106	120	120	131	131
129	129	99	111	97	118	99	159	125	125	90	96	87	87	80	80	104	107	106	106	120	120	116	170
132	132	99	111	97	118	99	159	125	125	90	96	87	87	80	80	104	107	106	106	120	120	116	170
132	165	111	129	88	91	108	150	116	125	90	93	84	87	80	80	104	107	106	106	111	120	119	131
135	135	111	111	118	127	129	141	116	116	93	93	84	84	80	80	104	107	106	106	111	111	131	161
129	165	99	126	97	121	147	147	116	125	96	96	84	87	80	80	104	104	106	106	111	120	131	134
129	129	111	111	91	97	120	123	116	125	90	96	87	87	80	80	104	107	106	106	111	111	119	134
132	165	111	129	88	91	108	150	116	125	90	93	84	87	80	80	104	107	106	106	111	120	119	131
132	165	111	129	88	91	108	150	116	125	90	93	84	87	80	80	104	107	106	106	111	120	119	131
126	126	111	111	82	118	90	132	113	116	93	105	75	75	74	80	92	107	106	106	120	120	131	131
138	138	111	111	100	121	150	153	125	125	93	96	87	87	80	80	104	104	106	106	111	120	161	173
129	129	99	111	97	118	99	159	125	125	90	96	87	87	80	80	104	107	106	106	120	120	116	170
126	126	111	111	82	118	90	132	113	116	93	105	75	75	74	80	92	107	106	106	120	120	131	131
126	126	111	111	82	118	138	141	113	116	93	105	75	75	74	80	92	107	106	106	120	120	131	131
126	126	111	111	82	118	90	132	113	116	93	105	75	75	74	80	92	107	106	106	120	120	131	131
129	165	99	129	97	121	147	147	116	125	96	96	84	87	80	80	104	104	106	106	111	120	131	134
129	129	111	111	91	97	120	123	116	125	90	96	87	87	80	80	104	107	106	106	111	111	119	134
126	126	111	111	82	118	90	138	113	116	93	105	75	75	74	80	92	107	106	106	120	120	131	131
126	126	111	111	82	118	138	141	113	116	93	105	75	75	74	80	92	107	106	106	120	120	131	131
126	126	111	111	82	118	138	141	113	116	93	105	75	75	74	80	92	107	106	106	120	120	131	131
126	126	111	111	82	118	90	132	113	116	93	102	75	75	74	80	92	107	106	106	120	120	131	131
129	132	111	111	100	118	90	150	116	125	96	96	84	87	80	80	104	104	106	106	117	120	119	134
129	132	111	111	100	118	93	150	116	125	96	96	84	87	80	80	104	104	106	106	117	120	119	134
129	129	99	123	100	118	99	150	116	116	93	96	84	84	80	80	104	107	97	106	111	117	134	134
132	165	111	114	115	118	93	153	116	125	90	93	81	90	80	80	104	104	106	106	111	123	116	137
129	138	111	129	100	115	120	135	116	125	90	93	87	90	80	80	104	107	106	106	120	123	116	161
132	165	111	114	115	118	93	153	116	125	90	93	81	90	80	80	104	104	106	106	111	123	116	137
129	129	99	123	100	118	99	150	116	116	93	96	84	84	80	80	104	107	97	106	111	117	134	134
102	138	111	111	91	103	93	132	116	116	93	96	84	87	80	80	104	107	106	106	111	120	134	182
123	165	111	129	100	121	93	108	116	125	90	96	87	87	80	80	104	104	106	106	111	120	119	134
129	138	111	129	100	115	0	0	116	125	90	93	87	90	80	80	104	104	106	106	120	123	116	161
132	132	111	114	115	118	93	153	116	125	90	93	81	90	80	80	104	104	106	106	111	123	116	137
102	138	111	111	91	103	93	132	116	116	93	96	84	87	80	80	104	107	106	106	111	120	134	182
102	138	111	111	91	103	93	132	116	116	93	96	84	87	80	80	104	107	106	106	111	120	134	182
102	138	111	111	91	103	93	132	116	116	93	96	84	87	80	80	104	104	106	106	111	120	134	182
129	132	111	129	100	115	108	120	116	125	93	99	84	90	80	80	104	104	106	106	114	120	116	134
129	132	111	111	100	118	93	93	116	125	96	96	84	87	80	80	104	104	106	106	117	120	119	134
102	138	111	111	91	103	93	132	116	116	93	96	84	87	80	80	104	107	106	106	111	120	134	182
129	138	111	129	100	115	0	0	116	125	90	93	87	90	80	80	104	104	106	106	120	123	116	161
129	165	111	111	91	118	99	159	116	116	90	93	84	84	80	80	104	104	106	106	111	120	116	170
105	129	111	111	91	118	90	147	113	116	93	93	75	84	77	80	92	104	106	106	111	120	134	134
129	129	111	111	91	118	90	147	113	116	93	93	75	84	74	80	92	104	106	106	111	120	134	134
105	126	111	111	82	121	90	138	113	116	93	105	75	75	77	80	92	107	106	106	120	120	131	131
105	129	111	111	82	121	90	138	113	116	93	105	75	75	77	80	92	107	106	106	120	120	131	131
129	129	111	111	82	121	90	138	113	116	93	105	75	75	77	80	92	107	106	106	120	120	131	131
129	129	111	111	91	118	90	147	113	116	93	93	75	84	77	80	104	104	106	106	111	120	134	134
129	129	111	111	91	118	90	90	113	116	93	93	75	84	77	80	104	104	106	106	111	120	134	134
129	129	111	111	91	118	90	147	113	116	93	93	75	84	77	80	104	104	106	106	111	120	134	134
126	126	111	111	82	121	90	138	113	116	93	105	75	75	77	80	107	107	106	106	120	120	131	131
126	126	111	111	82	121	90	138	113	116	93	105	75	75	77	80	107	107	106	106	120	120	131	131
126	126	111	111	82	121	90	138	113	116	93	105	75	75	77	80	107	107	106	106	120	120	131	131
123	126	111	129	82	118	129	147	113	125	90	93	75	87	80	80	92	104	106	106	120	120	116	116
123	126	111	129	82	118	129	147	113	125	90	93	75	87	80	80	92	104	106	106	120	120	116	116
129	129	111	111	91	118	90	147	113	116	93	93	75	84	74	80	92	104	106	106	111	120	134	134
126	126	111	111	82	121	90	138	113	116	93	105	75	75	74	80	92	107	106	106	120	120	131	131
126	126	111	111	82	121	90	138	113	116	93	105	75	75	74	80	92	107	106	106	120	120	131	131
126	126	111	111	82	82	90	129	113	116	93	105	75	75	74	80	92	107	106	106	120	120	131	131
123	126	111	129	82	118	129	147	113	125	90	93	75	87	80	80	92	104	106	106	120	120	116	116
123	126	111	129	82	118	129	147	113	125	90	93	75	87	80	80	92	104	106	106	120	120	116	116
132	132	111	129	115	118	123	153	116	116	93	93	84	84	80	80	104	107	106	106	111	120	119	119
135	135	111	129	115	118	123	153	116	116	93	93	84	84	80	80	104	107	106	106	111	120	119	119
135	135	111	129	115	118	123	153	116	116	93	93	84	84	80	80	104	107	106	106	111	120	119	119
135	135	111	111	106	121	93	144	116	116	99	102	87	87	80	80	92	104	103	106	117	120	131	131
135	135	111	111	106	121	93	144	116	116	99	102	87	87	80	80	92	104	103	106	117	120	131	131
138	138	123	123	115	118	135	150	116	125	93	99	84	87	80	80	104	107	97	106	111	114	131	134
132	138	111	123	115	115	141	150	116	116	90	93	84	87	80	80	104	107	106	106	114	117	131	134
132	138	111	123	115	115	141	150	116	116	90	93	84	87	80	80	104	107	106	106	114	117	131	134
135	138	111	123	91	91	126	126	116	116	90	99	84	84	80	80	104	107	88	88	114	117	134	134
135	135	111	111	106	121	93	144	116	116	99	102	87	87	80	80	92	104	103	106	117	120	131	131
135	135	111	111	118	118	135	135	116	116	99	99	84	84	80	80	92	104	88	88	114	114	134	134
138	138	123	123	115	118	135	150	116	125	93	99	84	87	80	80	104	107	97	106	111	114	131	134
129	129	111	126	106	109	147	147	116	116	93	93	84	87	80	83	104	107	103	106	114	117	134	134
129	129	111	111	130	133	144	147	116	125	93	96	84	84	80	80	104	104	103	106	126	126	119	131
132	132	111	129	97	97	132	144	116	116	93	93	84	87	80	80	92	107	106	106	120	126	131	131
129	129	111	129	97	97	132	144	116	116	93	93	84	87	80	80	92	107	106	106	120	126	131	131
129	129	111	114	106	124	138	156	116	116	93	99	84	87	80	80	107	107	103	106	114	114	131	134
132	138	111	123	115	115	141	150	116	116	90	93	84	87	80	80	104	107	106	106	114	117	131	134
132	150	111	111	100	103	144	144	116	116	90	90	78	87	80	83	107	107	91	106	114	117	131	137
126	126	111	111	130	133	144	147	116	125	93	96	84	84	80	80	104	104	103	106	126	126	119	131
132	132	111	129	97	97	132	144	116	116	93	93	84	87	80	80	92	107	106	106	120	126	131	131
132	132	111	129	97	109	132	144	116	116	93	93	84	87	80	80	92	107	106	106	120	126	131	131
129	129	111	126	106	109	147	147	116	116	93	93	84	87	80	80	104	107	103	106	114	117	131	134
0	0	0	0	0	0	0	0	116	116	90	93	84	87	80	80	104	104	103	106	114	114	119	134
129	135	111	111	91	118	93	126	116	116	90	99	84	90	80	80	104	104	88	97	114	126	134	134
132	150	111	111	100	103	144	144	116	116	90	90	78	87	80	83	107	107	91	106	114	117	131	137
132	135	111	111	109	109	144	144	116	125	93	93	84	87	80	83	104	107	97	106	114	114	119	125
135	141	111	111	91	109	144	144	116	125	93	93	84	87	80	86	92	104	97	106	114	114	125	125
132	135	111	111	109	109	144	144	116	125	93	93	84	87	80	83	104	107	97	106	114	114	119	125
129	132	120	129	109	121	141	144	116	116	90	93	84	87	80	80	107	107	109	109	114	114	134	134
129	129	126	129	112	121	144	153	116	116	93	96	84	87	80	83	107	107	106	109	114	114	131	134
132	132	111	120	109	121	141	159	116	116	93	99	78	87	68	80	104	107	97	97	117	120	119	119
132	135	111	111	109	109	144	144	116	116	93	93	84	87	80	83	104	107	97	106	114	114	119	125
135	141	111	111	91	91	144	144	116	125	93	93	84	87	80	86	92	104	97	106	114	114	125	125
138	138	111	126	115	124	147	147	116	116	93	93	84	84	80	80	104	107	106	106	114	126	131	134
126	129	120	129	109	121	141	144	116	116	90	93	84	87	80	80	107	107	109	109	114	114	134	134
120	123	111	126	109	112	99	162	116	116	93	96	84	87	80	80	104	107	106	106	114	120	137	152
132	153	111	129	100	109	120	165	116	116	90	93	84	87	80	80	104	104	106	109	114	120	119	119
132	132	111	120	109	121	141	159	116	116	93	99	78	87	68	80	104	107	97	97	117	120	0	0
123	132	111	126	103	109	141	153	116	116	93	99	84	87	80	80	104	107	106	106	120	123	131	131
105	132	111	114	100	103	126	129	116	116	90	93	84	84	80	80	104	107	97	106	117	120	131	131
132	153	111	129	100	109	120	165	116	116	90	93	84	87	80	80	104	104	106	109	114	120	119	119
132	132	111	120	109	121	141	159	116	116	93	99	78	87	68	80	104	107	97	97	117	120	0	0
117	126	111	126	100	109	99	144	116	125	90	93	84	84	80	80	104	107	91	106	111	117	131	131
117	126	111	126	100	109	99	141	116	125	90	93	84	84	80	80	104	107	91	106	111	117	131	131
126	129	126	132	112	115	141	141	116	125	93	93	84	84	80	80	107	107	91	97	117	120	131	134
126	132	111	120	103	124	129	138	116	116	90	96	72	90	80	80	92	104	106	109	117	120	131	131
126	129	111	111	91	91	147	147	116	125	93	96	84	87	80	80	104	104	103	106	114	126	134	152
129	132	111	123	106	121	93	135	116	116	99	99	87	87	80	80	104	107	106	106	114	126	131	131
132	141	111	120	115	121	141	147	116	116	93	93	87	87	68	80	107	107	97	109	117	120	119	119
132	135	111	114	100	109	141	147	116	116	90	90	84	87	80	80	104	107	106	106	117	126	128	128
117	117	105	108	79	79	141	147	116	116	93	99	84	84	80	83	104	104	97	109	120	126	131	134
129	132	111	123	103	109	138	144	116	116	84	90	87	111	80	80	104	107	106	106	114	129	125	131
129	132	111	123	103	109	138	144	116	116	84	90	87	111	80	80	104	107	106	106	114	129	125	131
123	123	111	114	88	100	144	147	116	116	93	99	84	84	80	83	104	104	97	109	120	126	131	134
123	123	111	114	88	100	144	147	116	116	93	99	84	84	80	83	104	104	97	109	120	126	131	134
123	123	111	114	88	100	144	147	116	116	93	99	84	84	80	83	104	104	97	109	120	126	131	134
123	123	111	114	88	100	144	147	116	116	93	99	84	84	80	83	104	104	97	109	120	126	131	134
123	123	111	114	88	100	144	147	116	116	93	99	84	84	80	83	104	104	97	109	120	126	131	134
120	120	111	114	88	88	144	147	116	116	93	99	84	84	80	83	104	104	97	109	120	126	131	134
120	120	111	114	88	100	144	147	116	116	93	99	84	84	80	83	104	104	97	109	120	126	131	134
129	132	111	123	103	109	138	144	116	116	84	90	87	111	80	80	104	107	106	106	114	129	125	131
129	138	111	126	112	124	144	150	116	116	93	99	84	87	80	80	104	104	97	106	114	117	122	134
120	120	111	114	88	100	144	147	116	116	93	99	84	84	80	83	104	104	97	109	120	126	131	134
120	120	111	114	88	100	144	147	116	116	93	99	84	84	80	83	104	104	97	109	120	126	131	134
129	132	111	123	103	109	138	144	116	116	84	90	87	111	80	80	104	107	106	106	114	129	125	131
132	150	111	111	127	127	150	150	116	116	90	93	84	87	71	80	104	107	103	103	117	117	131	131
132	132	111	111	112	112	144	150	116	116	90	90	84	90	80	80	107	107	106	106	114	117	131	131
129	129	111	111	100	109	120	138	116	125	93	99	84	84	80	83	104	107	106	106	117	126	131	134
138	141	111	123	124	124	135	156	116	125	90	99	84	90	71	80	0	0	106	106	114	114	131	131
138	138	111	123	106	109	138	153	116	125	93	99	84	84	80	80	104	104	97	106	114	126	131	131
132	138	111	111	100	121	99	144	116	116	93	99	78	87	80	83	104	107	97	97	120	126	134	137
132	132	111	123	109	109	144	147	116	125	93	93	87	99	68	80	104	104	106	106	117	117	131	134
126	141	111	123	106	115	135	150	116	116	90	93	84	87	80	80	92	107	106	106	117	126	131	131
126	129	111	117	100	109	141	141	116	116	90	90	84	93	80	80	104	110	91	97	117	126	131	131
126	129	129	135	112	124	144	150	116	125	93	93	84	87	80	80	104	104	109	109	120	120	131	131
126	126	123	123	109	112	123	135	116	116	90	93	84	84	80	80	104	110	97	106	117	117	131	134
132	138	111	123	91	109	135	165	116	116	90	93	84	87	80	80	92	107	106	106	111	120	131	131
120	132	111	117	109	130	135	141	116	116	90	93	84	84	80	80	107	107	103	106	117	120	131	134
129	129	114	129	100	100	99	108	116	116	90	102	84	96	80	80	104	110	106	109	120	126	131	131
126	141	111	123	106	115	135	150	116	116	90	93	84	87	80	80	92	107	106	106	117	126	131	131
135	135	126	126	100	124	126	126	116	116	90	90	84	87	80	80	104	104	91	109	111	120	134	137
129	132	111	129	91	109	144	147	116	116	90	90	87	87	80	92	104	107	97	106	114	120	131	137
126	126	123	123	109	112	123	135	116	116	90	93	84	84	80	80	104	110	97	106	117	117	131	134
132	132	126	129	88	97	147	147	116	125	90	90	84	87	80	83	92	107	106	109	114	123	134	134
138	153	111	111	109	130	141	156	116	116	93	99	87	87	80	80	107	107	106	106	114	117	131	143
138	138	123	123	103	109	129	144	116	125	93	93	84	87	80	83	104	104	97	109	120	120	131	131
150	150	111	129	91	109	144	147	116	116	90	90	87	87	80	92	104	107	97	106	114	120	131	137
129	135	114	126	94	100	126	153	125	125	90	90	84	93	80	86	104	107	91	106	117	126	131	131
129	129	111	117	103	109	135	171	116	116	90	93	84	96	80	92	104	110	97	106	111	117	134	134
126	135	123	126	94	103	135	138	116	116	93	93	84	87	80	92	110	113	91	109	117	117	131	131
129	132	111	129	97	100	132	147	116	125	90	99	84	87	80	83	92	104	103	106	114	123	131	131
138	153	111	111	109	130	141	156	116	116	93	99	87	87	80	80	107	107	106	106	114	117	131	143
129	129	111	114	109	115	126	156	116	116	90	99	84	84	80	80	107	107	106	106	114	117	119	134
132	150	111	123	121	124	147	147	116	116	90	99	84	87	80	80	104	107	106	109	111	120	131	134
138	138	111	111	103	115	144	150	116	116	90	102	84	90	80	80	104	107	106	106	114	120	131	134
132	132	111	114	109	115	126	126	116	116	90	99	84	84	80	80	107	107	106	106	114	117	119	134
132	141	111	120	115	121	141	147	116	116	93	93	87	87	68	80	107	107	97	109	117	120	119	119
129	132	111	123	106	121	93	135	116	116	99	99	87	87	80	80	104	107	106	106	114	126	131	131
150	150	111	123	97	121	141	150	116	116	93	99	87	87	80	83	92	104	97	109	120	123	131	152
135	138	111	123	106	118	153	156	116	116	90	99	87	90	80	80	107	107	88	106	114	120	134	137
141	153	111	111	106	121	150	150	116	116	90	99	87	90	68	80	104	107	97	106	114	117	137	155
150	150	111	123	91	112	99	147	116	116	93	99	84	84	71	80	104	107	106	106	114	120	131	134
132	132	123	123	109	121	138	147	116	116	87	93	84	87	83	83	107	110	97	109	117	120	131	134
123	150	111	111	91	103	93	150	125	125	96	102	84	84	80	89	104	107	97	106	114	126	131	188
150	150	123	129	100	112	141	147	116	116	93	99	84	84	80	83	104	107	106	109	111	114	131	131
153	153	111	123	97	121	141	150	116	116	93	99	87	87	80	83	92	104	97	109	120	123	131	152
129	132	111	114	100	109	141	147	116	116	90	90	81	87	80	80	104	107	106	106	117	126	128	176
129	150	111	111	91	115	135	144	116	125	90	93	84	84	80	89	104	107	97	106	114	126	134	140
129	135	111	111	100	103	129	141	116	116	93	102	84	84	80	80	104	107	106	106	114	126	134	134
129	135	123	129	97	106	138	147	116	116	93	93	84	84	80	80	92	107	106	106	114	123	134	134
138	150	111	111	106	121	150	156	116	116	90	99	87	90	68	80	104	107	97	106	114	117	137	155
147	147	123	129	100	112	141	147	116	116	93	99	84	84	80	83	104	107	106	109	111	114	131	131
135	150	111	111	127	139	141	147	116	116	90	93	87	87	71	80	104	104	97	109	117	126	131	131
135	135	111	111	109	109	123	156	116	125	90	99	87	87	80	83	107	107	106	109	114	114	137	155
129	147	111	111	91	115	135	144	116	125	90	93	84	84	80	89	104	107	97	106	114	126	134	140
129	171	123	129	109	127	138	147	116	116	87	99	84	87	80	83	92	104	106	109	117	126	134	134
126	168	123	126	115	124	132	165	116	116	99	102	84	87	80	80	104	104	106	106	111	114	131	131
135	138	111	123	106	136	99	156	116	125	90	99	84	90	80	83	107	107	88	106	114	126	131	134
102	135	111	123	97	109	138	141	116	116	90	99	84	87	80	83	107	110	97	109	117	123	134	152
135	135	111	123	97	112	141	147	116	116	90	93	84	84	80	80	92	107	106	106	117	123	134	152
120	141	111	129	115	118	129	150	116	125	90	90	84	87	80	80	107	110	103	106	120	120	134	146
126	129	111	126	127	130	153	153	116	116	90	90	84	87	71	80	104	104	91	106	114	123	137	140
129	129	111	111	91	124	135	156	116	116	90	90	72	90	80	80	104	107	88	106	123	126	131	131
126	132	126	138	121	130	150	159	116	116	90	93	84	84	80	86	104	104	106	106	117	120	113	113
129	129	111	123	100	121	147	156	116	116	93	93	84	84	71	71	104	104	106	106	117	117	131	131
126	138	111	111	103	121	123	153	116	125	90	93	84	87	80	80	104	107	91	103	117	126	131	131
126	126	111	111	103	130	144	147	116	116	90	90	84	84	71	80	104	104	103	103	120	126	122	137
138	138	111	132	94	124	147	150	116	116	90	90	72	84	80	80	104	104	103	106	117	117	131	134
114	132	111	123	121	124	117	144	116	116	90	90	84	87	80	80	104	104	91	106	117	123	131	137
129	129	111	111	91	124	135	156	116	116	90	90	72	90	80	80	104	107	88	106	123	126	131	131
126	132	126	138	121	130	150	159	116	116	90	93	84	84	80	86	104	104	106	106	117	120	134	158
129	129	111	123	100	121	147	156	116	116	93	93	84	84	71	71	104	104	106	106	117	117	131	131
129	129	111	123	100	121	147	156	116	116	93	93	84	84	71	71	104	104	106	106	117	117	131	131
126	126	111	111	103	130	144	147	116	116	90	90	84	84	71	80	104	104	103	103	120	126	122	137
138	138	111	132	94	124	147	150	116	116	90	90	72	84	80	80	104	104	103	106	117	117	131	134
114	132	111	123	121	124	117	144	116	116	90	90	84	87	80	80	104	104	91	106	117	123	131	137
126	129	111	135	91	115	132	147	116	116	90	90	84	84	80	80	104	104	91	106	117	120	131	134
126	132	126	138	121	130	147	159	116	116	90	93	84	84	80	86	104	104	106	106	117	120	134	158
129	129	111	123	100	121	147	156	116	116	93	93	84	84	71	71	104	104	106	106	117	117	131	131
129	129	111	123	100	121	147	156	116	116	93	93	84	84	71	71	104	104	106	106	117	117	131	131
126	126	111	111	103	130	144	147	116	116	90	90	84	84	71	80	104	104	103	103	120	126	122	137
126	138	111	114	100	118	126	153	116	116	90	90	84	87	80	80	104	104	103	103	117	126	131	134
126	138	111	120	115	118	120	153	116	116	90	93	84	93	80	83	104	104	106	106	117	117	131	137
129	138	111	111	91	94	144	156	116	116	90	90	84	90	80	80	104	104	106	109	117	126	131	134
132	153	135	135	94	124	120	153	116	116	90	90	84	84	80	80	104	104	91	103	117	123	131	131
129	129	111	123	100	121	150	156	116	116	93	93	84	84	71	71	104	104	106	106	117	117	131	131
129	129	111	123	100	121	150	156	116	116	93	93	84	84	71	71	104	104	106	106	117	117	131	131
126	126	111	111	103	130	144	147	116	116	90	90	84	84	71	80	104	104	103	103	120	126	122	137
132	132	126	132	100	121	141	153	116	116	90	90	84	84	80	80	104	104	106	106	120	120	131	131
138	138	132	135	100	115	141	156	116	116	90	90	84	84	71	80	104	107	88	106	114	120	137	137
129	138	111	111	121	124	123	162	116	116	90	90	84	102	80	80	104	104	106	106	117	117	137	146
129	141	111	120	121	130	138	159	116	116	90	90	84	93	74	80	104	104	91	103	117	123	134	137
129	129	111	123	109	121	120	150	116	125	90	93	78	84	80	80	104	104	103	106	117	123	137	158
138	138	123	132	124	127	147	150	116	116	90	90	84	87	80	80	104	104	106	106	117	135	134	134
129	138	111	111	124	124	144	156	116	125	90	93	84	84	71	80	104	104	103	106	117	120	134	134
129	135	132	138	100	115	135	141	116	116	90	90	84	84	80	80	104	104	106	106	114	120	131	131
117	129	126	132	124	133	129	156	116	116	90	90	78	84	71	80	104	104	106	106	117	117	131	137
129	129	126	132	124	124	129	129	116	116	90	90	78	84	71	80	104	104	106	106	117	117	131	131
126	129	111	111	109	130	147	150	116	116	90	90	84	84	80	80	104	104	91	103	117	120	131	137
138	138	111	120	127	130	144	153	116	116	90	93	84	84	80	80	104	104	91	106	117	117	131	131
138	138	123	132	124	127	147	150	116	116	90	90	84	87	80	80	104	104	106	106	117	135	134	134
126	132	132	135	100	115	135	141	116	116	90	90	84	84	80	80	104	104	106	106	114	120	131	131
126	132	132	135	100	115	135	141	116	116	90	90	84	84	80	80	104	104	106	106	114	120	131	131
129	132	117	135	115	130	150	150	125	125	90	96	84	90	80	80	104	104	103	106	126	126	128	134
117	129	126	132	124	133	129	156	116	116	90	90	78	84	71	80	104	104	106	106	117	117	131	137
129	138	132	138	115	115	144	156	116	116	90	90	84	84	80	80	104	107	91	106	114	114	131	131
138	141	111	120	94	124	132	138	116	116	90	99	84	87	80	80	104	104	106	106	120	123	131	134
117	126	111	129	94	118	135	150	116	116	90	93	84	84	80	80	104	104	106	106	114	117	131	134
126	132	132	135	100	115	135	141	116	116	90	90	84	84	80	80	104	104	106	106	114	120	131	131
126	132	132	135	100	115	135	141	116	116	90	90	84	84	80	80	104	104	106	106	114	120	131	131
117	129	126	132	124	133	129	156	116	116	90	90	78	84	71	80	104	104	106	106	117	117	131	137
117	129	126	132	124	133	129	159	116	116	90	90	78	84	71	80	104	104	106	106	117	117	131	137
129	132	120	126	94	127	120	147	116	116	90	93	84	84	80	80	104	104	106	106	117	123	122	134
132	138	111	135	127	130	132	141	116	116	90	93	84	84	80	80	104	107	106	106	117	117	122	131
138	138	123	132	124	127	147	150	116	116	90	90	81	84	80	80	104	104	106	106	117	135	134	134
129	129	132	135	124	127	126	135	116	116	90	93	81	81	80	80	104	107	106	106	117	120	131	131
129	141	111	120	91	118	150	153	116	116	90	90	84	84	80	80	104	104	106	106	120	120	131	134
126	129	111	111	118	124	99	153	116	116	90	93	84	84	80	80	104	104	103	109	120	123	131	131
114	129	123	123	94	118	126	144	116	116	87	90	81	84	80	80	104	104	103	106	114	117	131	131
108	126	111	126	118	121	135	138	116	116	90	99	84	87	74	80	104	104	91	106	117	120	131	137
138	138	111	123	124	127	153	153	116	116	90	90	84	87	80	80	104	104	106	109	123	123	131	131
126	129	111	111	124	127	153	156	116	125	90	93	84	84	80	80	104	104	103	106	123	123	134	140
129	138	132	135	94	121	132	150	116	116	90	96	84	87	80	83	92	104	106	106	117	120	131	152
129	132	123	138	109	130	126	144	116	116	90	93	84	87	80	80	104	104	106	106	123	126	122	131
126	129	111	111	118	124	99	153	116	116	90	93	84	84	80	80	104	104	103	109	120	123	131	131
129	132	111	111	115	121	141	150	116	116	90	90	84	84	71	80	104	104	103	106	114	120	134	149
129	129	123	135	109	118	141	144	116	116	90	90	84	96	80	80	104	104	106	106	117	126	131	134
117	129	126	135	118	124	138	150	116	116	90	93	84	84	80	83	104	104	103	106	120	123	131	131
138	141	120	135	91	121	129	132	116	125	90	90	84	84	80	80	104	104	106	106	117	117	122	131
126	126	117	129	115	121	120	162	116	116	90	90	87	93	80	83	104	104	91	106	117	117	131	185
126	126	117	129	115	121	120	162	116	116	90	90	87	93	80	83	104	104	91	106	117	117	131	185
129	129	126	132	100	103	129	162	116	116	93	93	84	84	80	80	104	107	103	106	117	117	131	140
129	129	111	132	115	127	126	141	116	116	90	90	84	84	71	80	104	107	106	106	120	120	131	149
129	129	123	135	109	118	141	144	116	116	90	90	84	96	80	80	104	104	106	106	117	126	131	134
117	129	126	135	118	124	138	150	116	116	90	93	84	84	80	83	104	104	103	106	120	123	131	131
132	132	111	117	100	121	150	153	116	116	90	93	84	84	71	80	104	107	91	106	120	123	134	137
129	138	111	111	91	130	141	156	116	116	90	90	84	93	80	80	104	104	103	106	117	117	131	134
129	129	111	120	100	124	135	144	116	116	90	93	72	84	80	86	104	104	106	106	123	123	128	146
123	153	111	111	91	121	150	153	116	116	90	90	84	93	80	80	104	104	97	103	117	126	134	146
129	129	111	132	115	127	126	141	116	116	90	90	84	84	71	80	104	107	106	106	120	120	131	149
132	141	111	111	121	130	153	153	116	116	90	90	84	108	80	80	92	104	103	106	105	117	128	131
126	129	111	123	112	112	99	129	116	116	90	93	78	84	80	80	104	104	103	106	123	126	137	146
129	132	111	111	124	127	111	123	116	116	90	90	84	84	80	80	104	104	106	106	114	123	131	146
129	135	111	114	115	130	138	150	116	116	90	93	84	84	71	80	104	104	106	106	117	117	137	158
141	156	111	111	109	127	120	144	116	116	90	90	84	84	80	80	104	104	103	106	105	123	131	131
129	141	111	132	112	124	138	147	116	116	90	93	84	84	77	80	92	104	91	103	117	123	134	146
129	132	111	111	100	112	129	135	116	125	90	93	78	81	80	80	104	104	106	109	117	126	146	158
135	144	111	126	91	121	150	153	116	116	90	90	84	84	80	80	104	104	106	106	120	120	131	131
132	141	111	111	121	130	153	153	116	116	90	90	84	108	80	80	92	104	103	106	105	117	128	131
129	141	111	132	112	124	138	147	116	116	90	93	84	84	77	80	92	104	91	103	117	123	134	146
132	144	120	135	124	133	147	156	116	125	90	96	84	84	80	80	95	104	91	106	114	126	131	134
129	132	123	135	100	130	99	99	116	116	93	93	84	90	80	80	104	104	103	103	117	117	134	146
132	132	129	129	100	130	120	132	116	116	90	90	84	87	80	80	104	104	106	106	117	117	131	158
132	132	111	123	100	130	135	144	116	116	90	90	84	84	80	80	104	104	103	106	117	120	131	149
132	132	111	120	94	106	123	132	116	116	90	93	84	87	80	80	104	104	106	109	117	117	131	131
129	132	123	135	100	130	99	99	116	116	93	93	84	90	80	80	104	104	103	103	117	117	134	146
129	129	111	132	100	121	156	156	116	116	90	90	84	84	71	80	104	104	91	106	117	126	131	131
132	132	111	123	100	121	120	159	116	116	90	99	84	87	71	80	104	104	106	106	117	126	131	137
129	129	111	132	100	121	156	156	116	116	90	90	84	84	71	80	104	104	91	106	117	126	131	131
129	141	111	135	94	118	123	132	116	116	90	90	84	84	80	80	104	107	106	106	117	126	131	134
132	132	111	126	91	127	120	147	116	116	93	93	84	84	80	83	104	104	106	106	117	123	131	134
129	129	123	138	109	112	99	123	116	125	90	90	84	84	77	80	104	104	106	106	114	120	131	137
129	129	111	123	100	121	120	120	116	116	90	99	84	87	71	80	104	104	106	106	117	126	131	137
120	135	111	111	106	109	153	153	116	116	87	90	84	102	80	80	104	104	106	109	117	120	131	134
126	141	111	111	121	127	99	147	116	116	90	90	84	87	80	80	104	104	103	106	120	123	128	140
129	129	135	135	124	127	147	153	116	125	90	90	84	84	80	80	92	104	106	106	117	123	122	146
150	150	111	123	121	127	150	153	116	125	90	93	84	84	80	80	104	104	106	106	117	117	122	134
129	129	111	132	100	121	156	156	116	116	90	90	81	81	71	80	104	104	91	106	117	126	131	131
126	126	111	111	130	130	99	153	116	116	90	93	78	87	80	80	104	104	91	106	114	120	131	131
126	132	111	138	118	121	147	153	116	116	90	93	84	87	71	80	104	104	103	106	117	120	131	131
129	132	111	111	118	121	120	144	116	125	90	90	72	84	80	80	104	107	88	106	117	120	131	131
135	144	111	111	130	130	99	153	116	116	90	99	84	87	71	80	104	104	103	106	114	120	137	137
144	144	111	123	91	121	120	120	116	116	93	99	84	84	80	80	104	104	106	106	126	126	131	158
126	126	111	111	124	130	99	153	116	116	90	93	78	87	80	80	104	104	91	106	114	120	131	131
123	129	111	135	118	121	150	153	116	116	90	93	84	87	71	80	104	104	103	106	117	120	131	131
129	141	111	111	124	130	135	159	116	116	93	93	84	84	80	80	104	104	106	106	117	123	131	134
120	129	111	111	103	127	111	120	116	116	90	90	84	87	80	80	107	113	106	109	117	123	131	134
129	129	111	111	91	127	111	120	116	116	90	102	84	87	80	80	92	104	103	106	114	114	131	134
126	132	111	114	100	103	144	180	116	116	93	93	87	87	80	83	107	107	106	109	117	117	125	131
126	129	111	114	100	124	117	141	116	116	90	93	87	108	80	80	104	107	103	106	117	126	131	131
129	135	111	111	97	100	138	138	116	116	90	90	84	84	80	86	104	104	106	109	117	120	131	131
108	141	111	132	109	136	141	150	116	116	90	93	84	87	80	80	104	104	91	106	114	120	131	134
126	129	111	111	100	127	99	138	125	125	90	93	87	87	80	80	104	107	103	106	120	120	131	137
129	129	111	129	103	112	132	147	116	125	90	93	84	87	80	83	107	107	97	109	120	126	131	176
126	132	111	114	100	103	144	180	116	116	93	93	87	87	80	83	107	107	106	109	117	117	125	131
129	135	111	111	97	100	138	138	116	116	90	90	84	84	80	86	104	104	106	109	117	120	131	131
108	141	111	132	109	136	141	150	116	116	90	93	84	87	80	116	104	104	91	106	114	120	131	134
129	132	111	111	100	127	99	138	125	125	90	93	87	87	80	80	104	107	103	106	120	120	131	137
132	132	111	111	91	127	111	120	116	116	90	102	84	84	80	80	92	104	103	106	114	114	131	134
135	135	120	129	91	130	117	147	116	116	90	93	84	105	80	80	107	107	100	106	117	120	131	131
120	132	111	126	112	139	144	153	116	116	90	90	93	96	80	80	104	104	106	109	117	120	134	134
132	132	111	111	103	139	111	138	116	116	90	93	84	87	80	83	107	107	106	106	117	123	131	131
129	132	111	111	100	127	99	138	125	125	90	93	87	87	80	80	104	107	103	106	120	120	131	137
123	138	111	123	124	127	120	138	116	116	90	93	84	87	80	80	104	113	106	109	117	126	134	167
129	135	111	123	100	130	114	150	125	128	90	93	84	87	80	80	107	107	106	109	111	120	131	143
120	132	111	126	112	139	144	153	116	116	90	90	93	96	80	80	104	104	106	109	117	120	134	134
123	135	111	117	100	115	117	144	116	116	90	90	84	90	71	80	107	107	91	106	117	126	131	137
126	126	111	111	91	100	138	144	116	116	93	93	84	84	80	80	104	104	91	106	126	126	125	131
126	129	123	123	100	103	141	144	116	125	87	90	84	87	80	80	104	107	91	106	108	120	131	137
132	138	111	111	100	112	93	141	116	116	90	93	84	90	80	80	104	107	106	106	126	126	131	131
126	135	111	111	121	124	141	195	116	116	90	93	84	84	80	80	92	107	91	109	120	123	131	137
129	135	111	111	115	121	102	144	116	125	87	90	84	90	80	80	104	107	106	109	117	117	125	131
129	135	111	111	115	121	102	144	116	125	87	90	84	90	80	80	104	107	106	109	117	117	125	131
126	129	129	129	130	133	135	153	116	125	90	93	84	87	80	83	107	107	91	109	120	126	131	131
129	129	111	111	106	112	111	138	116	125	87	90	84	105	80	80	107	107	91	106	123	126	131	134
123	129	111	111	109	112	126	141	116	125	93	93	84	84	80	80	104	104	106	109	120	120	131	134
114	129	111	111	109	112	126	141	116	125	93	93	84	84	80	80	104	104	106	109	120	120	131	134
126	135	111	111	121	124	138	138	116	116	90	93	84	84	80	80	92	107	91	109	120	123	131	137
132	132	111	126	100	100	99	105	116	116	90	93	84	93	80	80	104	113	106	106	120	120	134	158
129	159	111	111	121	124	99	135	116	116	90	93	84	84	80	80	92	107	103	109	117	120	131	134
129	135	111	111	103	121	117	141	116	116	90	90	84	99	80	80	104	110	91	106	126	126	131	131
123	129	111	111	109	112	126	141	116	125	93	93	84	84	80	80	104	104	106	109	120	120	131	134
126	132	111	111	109	112	126	141	116	125	93	93	84	84	80	80	104	104	106	109	117	120	131	134
129	138	111	111	121	124	141	195	116	116	90	93	84	84	80	80	92	107	91	109	120	123	131	137
123	129	111	111	115	118	111	156	116	116	90	93	84	87	80	80	104	104	106	109	120	120	131	134
126	132	111	111	115	121	102	144	116	125	87	90	84	90	80	80	104	107	106	109	117	117	125	131
129	129	111	129	103	109	138	141	116	116	87	93	84	84	68	80	104	107	97	109	117	120	131	131
117	129	111	123	100	133	126	195	116	125	93	93	84	87	80	80	92	107	106	109	126	126	131	131
123	129	111	111	109	112	126	141	116	125	93	93	84	84	80	80	104	104	106	109	120	120	131	134
132	132	111	111	100	127	120	147	116	116	87	90	84	87	80	80	107	107	100	106	117	123	122	131
129	132	111	126	97	103	144	144	116	116	93	93	87	87	80	80	107	107	91	106	117	120	137	164
132	135	111	123	103	103	117	144	116	116	90	93	84	84	80	80	107	113	91	106	120	120	131	170
129	138	111	126	100	106	132	144	116	116	87	90	87	90	80	80	104	107	109	109	126	126	131	137
132	165	123	123	100	106	126	141	116	125	90	90	84	87	80	80	107	107	106	106	117	117	131	134
129	132	111	126	97	103	144	144	116	116	93	93	87	87	80	80	107	107	91	106	117	120	137	164
132	141	111	111	103	136	111	141	116	116	90	90	84	87	80	80	107	107	109	109	117	126	131	131
132	135	111	123	103	103	117	144	116	116	90	93	84	84	80	80	107	113	91	106	120	120	131	170
132	135	111	111	97	133	111	135	116	125	90	105	84	84	80	83	107	107	106	106	117	117	131	134
123	132	111	129	109	115	138	144	116	125	90	93	87	87	80	80	107	107	97	106	126	126	131	134
132	132	111	111	100	127	120	147	116	116	87	90	84	87	80	80	107	107	100	106	117	123	122	131
129	132	111	126	97	103	144	144	116	116	93	93	87	87	80	80	107	107	91	106	117	120	137	164
132	135	111	123	103	103	117	144	116	116	90	93	84	84	80	80	107	113	91	106	120	120	131	170
132	135	111	111	97	133	111	135	116	125	90	105	84	84	80	83	107	107	106	106	117	117	131	134
132	132	111	111	97	103	132	141	116	125	90	90	84	84	80	80	104	107	91	106	117	123	131	134
135	135	111	126	103	127	129	138	116	116	90	93	84	87	80	80	104	107	106	106	114	120	137	152
129	135	111	111	112	121	114	135	116	125	93	93	84	90	80	80	104	107	91	91	117	120	131	152
132	135	111	123	103	103	117	144	116	116	90	93	84	84	80	80	107	113	91	106	120	120	131	170
132	153	120	126	100	124	138	153	116	116	90	93	84	87	80	80	104	107	106	106	117	120	131	134
111	138	111	111	79	130	99	135	116	116	99	105	87	87	71	80	92	107	106	106	117	117	134	134
132	135	111	111	100	124	99	150	116	116	90	93	87	108	80	80	92	107	106	106	117	120	131	134
132	132	111	129	100	103	114	144	116	125	90	96	84	90	80	80	104	104	106	109	117	126	122	131
129	132	111	111	109	118	120	150	116	116	87	90	84	84	80	80	107	107	106	106	114	120	131	131
132	138	111	111	100	121	99	120	116	125	87	93	84	90	80	80	104	107	91	106	120	126	131	137
132	135	111	111	121	127	135	138	116	116	93	93	84	87	80	80	104	107	91	106	108	129	131	134
132	138	111	123	103	127	138	153	116	116	90	93	84	84	80	80	104	107	94	106	114	123	137	137
135	138	111	132	103	133	150	150	116	116	90	93	87	87	80	80	104	107	106	106	120	120	134	158
132	138	111	111	100	121	99	120	116	125	87	93	84	90	80	80	104	107	91	106	120	126	131	137
132	132	111	111	121	133	144	156	116	125	93	93	84	87	80	80	107	107	106	106	120	126	131	134
132	138	111	114	100	103	126	138	125	125	87	93	87	96	80	80	104	107	106	109	117	117	131	131
132	132	123	123	106	121	111	111	116	125	90	99	84	87	80	80	104	107	91	106	117	120	134	176
138	138	111	111	79	130	99	135	116	116	99	105	87	87	80	80	92	107	106	106	117	117	134	134
132	132	111	111	121	133	144	156	116	125	93	93	84	87	80	80	107	107	106	106	120	126	131	134
132	132	111	117	88	103	129	138	116	125	90	93	84	87	80	83	107	107	106	109	108	126	131	140
138	138	111	111	79	130	99	135	116	116	99	105	87	87	80	80	92	107	106	106	117	117	134	170
132	138	111	111	103	136	111	129	116	116	90	93	87	87	80	80	0	0	106	106	117	126	131	134
138	138	111	111	97	130	138	147	116	125	87	93	84	87	80	80	107	107	106	106	114	123	131	188
135	138	111	126	127	130	141	147	116	116	90	93	87	87	80	80	104	104	106	106	117	120	131	188
138	138	111	111	97	130	138	147	116	116	93	93	84	87	80	80	107	107	106	106	114	123	131	188
132	135	111	126	94	109	126	141	125	125	87	93	87	87	80	80	104	107	97	109	120	123	131	131
132	135	111	111	112	121	117	159	116	125	87	93	84	87	80	80	104	107	106	106	126	126	131	134
138	138	111	111	97	130	138	147	116	125	87	93	84	87	80	80	107	107	106	106	114	123	131	188
138	138	111	111	97	130	138	147	116	125	87	93	84	87	80	80	107	107	106	106	114	123	131	185
138	138	111	111	97	130	138	147	116	125	87	93	84	87	80	80	107	107	106	106	114	123	131	185
138	138	111	111	97	130	138	147	116	125	87	93	84	87	80	80	107	107	106	106	114	123	131	185
138	138	111	111	97	130	138	147	116	125	87	93	84	87	80	80	107	107	106	106	114	123	131	185
132	135	111	126	94	109	126	141	116	116	90	93	87	87	80	80	104	107	97	109	120	123	131	131
138	138	111	126	127	130	141	147	125	125	87	93	87	87	80	80	104	104	106	106	117	120	131	185
138	138	111	111	97	130	138	147	116	125	87	93	84	87	80	80	107	107	106	106	114	123	131	185
138	138	111	111	97	130	138	147	116	125	87	93	84	87	80	80	107	107	106	106	114	123	131	185
138	138	111	111	97	130	138	147	116	125	87	93	84	87	80	80	107	107	106	106	114	123	131	185
138	138	111	111	97	130	138	147	116	125	87	93	84	87	80	80	107	107	106	106	114	123	131	185
132	135	111	126	94	109	126	141	116	116	90	93	87	87	80	80	104	107	97	109	120	123	131	131
138	138	111	111	97	130	138	147	116	125	87	93	84	87	80	80	107	107	106	106	114	123	131	131
138	138	111	111	97	130	138	147	116	125	87	93	84	87	80	80	107	107	106	106	114	123	131	185
138	138	111	126	127	130	141	147	125	125	87	93	87	87	80	80	104	104	106	106	117	120	131	176
138	138	111	111	97	130	138	147	116	125	87	93	84	87	80	80	107	107	106	106	114	123	131	185
138	138	111	111	97	130	138	147	116	125	87	93	84	87	80	80	107	107	106	106	114	123	131	185
132	135	111	126	94	109	126	141	116	116	90	93	87	87	80	80	104	107	97	109	120	123	131	131
126	135	111	111	100	121	138	162	116	125	90	93	87	87	80	80	92	107	103	106	120	120	131	131
129	141	111	111	100	103	126	141	116	125	87	93	84	87	71	80	92	104	100	106	114	120	131	131
132	135	111	117	118	133	144	198	116	116	93	93	81	84	80	116	107	107	91	106	126	132	131	131
120	138	111	111	115	115	147	150	116	125	90	90	84	87	80	80	104	107	91	106	117	120	131	131
132	138	111	129	100	118	111	141	125	125	90	93	81	84	80	80	107	110	97	97	117	126	131	131
132	138	111	123	112	127	120	141	116	125	90	93	87	105	80	83	104	107	91	106	117	120	131	131
120	141	111	117	115	121	93	144	116	125	90	93	84	87	80	80	107	107	97	106	120	120	125	131
105	132	111	111	100	130	153	159	116	125	93	96	84	84	80	80	92	104	91	106	117	126	131	173
117	132	111	111	103	130	114	120	116	125	93	93	84	84	80	80	104	107	106	109	120	126	131	131
117	129	111	111	106	115	102	147	116	125	90	93	84	87	80	80	92	107	91	106	120	123	131	131
117	132	111	111	124	130	141	141	116	125	93	93	84	90	80	80	107	107	106	106	117	120	131	134
129	132	111	111	103	124	123	141	116	125	96	102	78	105	80	83	107	113	91	109	123	126	125	131
132	135	111	111	127	127	126	126	116	125	90	96	81	87	80	80	104	107	97	97	120	126	131	131
132	132	108	111	112	112	144	150	125	125	93	93	84	87	80	80	104	107	106	106	120	120	131	131
117	132	111	111	103	130	114	120	116	125	93	93	84	84	80	80	104	107	106	109	120	126	131	131
129	135	111	111	100	133	111	162	116	125	90	93	87	87	80	80	104	107	106	106	120	120	131	176
135	135	111	126	100	115	147	198	116	116	90	90	84	87	80	80	92	104	91	106	126	126	131	134
132	132	111	117	106	115	120	138	116	116	90	93	84	84	80	80	107	107	91	106	117	120	131	131
132	135	111	111	100	127	123	162	116	116	90	90	84	87	80	80	107	107	100	109	117	126	131	131
132	132	108	111	112	112	144	150	125	125	93	93	84	87	80	80	104	107	106	106	120	120	131	131
132	132	111	111	100	127	144	165	116	125	90	90	87	87	80	80	104	107	106	109	114	120	131	131
126	132	111	126	103	103	99	129	116	125	90	93	81	93	80	80	104	104	97	100	120	120	131	134
135	135	111	126	100	115	147	198	116	116	90	90	84	87	80	80	92	104	91	106	126	126	131	134
132	135	111	120	109	112	120	153	116	116	84	93	87	108	80	80	104	107	106	109	126	126	131	134
138	138	111	111	100	118	138	144	116	116	93	93	84	84	80	80	104	104	106	106	117	117	131	131
135	138	111	123	100	109	111	120	116	116	90	93	81	87	80	80	107	107	106	109	123	126	131	182
132	138	111	114	115	124	144	147	116	125	87	96	84	87	80	80	104	107	97	109	120	126	128	131
129	132	111	126	106	127	138	138	116	116	90	105	84	87	80	80	104	107	91	91	120	126	131	131
129	132	111	126	106	127	138	138	116	116	90	105	84	87	80	80	104	107	91	91	120	126	131	131
129	129	111	120	100	112	141	144	116	125	90	96	84	87	80	80	92	104	106	109	120	123	131	131
132	135	111	120	109	112	120	153	116	116	84	93	87	108	80	80	104	107	106	109	126	126	131	134
132	132	111	138	103	112	138	147	116	125	90	93	84	96	80	80	107	107	106	109	120	126	134	158
138	138	111	111	100	118	138	144	116	116	93	93	84	84	80	80	104	104	106	106	117	117	131	131
132	135	111	129	88	100	114	150	116	116	90	93	84	87	80	80	92	107	106	106	117	120	128	131
138	141	111	111	91	115	102	126	116	125	87	93	75	84	80	80	104	107	106	106	117	117	128	170
129	132	111	123	124	127	111	120	116	116	90	93	84	87	80	80	104	107	106	106	120	123	116	131
132	132	111	138	103	112	138	147	116	125	90	93	84	96	80	80	107	107	106	109	120	126	134	158
132	138	111	114	115	124	114	147	116	125	90	93	84	87	80	80	104	107	106	106	120	120	131	131
132	135	111	120	109	112	120	153	116	116	84	93	87	108	80	80	104	107	106	109	126	126	131	134
138	138	111	111	100	118	138	144	116	116	93	93	84	84	80	80	104	104	106	106	117	117	131	131
138	138	111	126	97	100	111	126	116	125	90	93	84	84	80	80	107	110	103	109	117	117	125	131
132	138	111	114	115	124	144	147	116	125	87	96	84	87	80	80	104	107	97	109	120	126	128	131
129	132	114	126	124	127	114	138	116	116	90	105	84	87	80	80	104	104	91	106	120	126	131	131
129	132	111	126	106	127	138	138	116	116	90	105	84	87	80	80	104	107	91	91	120	126	131	131
132	132	111	126	103	109	111	162	116	116	90	93	84	84	80	80	104	104	106	106	117	129	131	134
132	132	111	126	112	112	141	144	116	125	90	90	84	87	80	80	92	107	106	109	126	126	131	134
129	132	111	111	100	112	99	117	116	116	90	93	84	84	80	83	104	104	91	106	117	126	131	131
138	138	111	126	97	100	111	126	116	125	90	93	84	84	80	80	107	110	103	109	117	117	125	131
126	132	111	111	103	103	102	138	116	116	93	93	84	84	68	80	92	104	100	106	117	120	134	176
132	132	111	129	103	115	135	138	116	116	87	90	84	84	80	80	104	107	91	106	120	120	131	131
132	132	111	129	103	115	135	138	116	116	87	90	84	84	80	80	104	107	91	106	120	120	131	131
132	135	111	111	115	133	141	141	116	125	93	96	87	90	71	80	104	104	106	106	126	126	131	134
135	138	111	111	112	124	138	141	116	116	90	96	84	108	80	83	104	107	106	106	120	126	131	131
132	138	111	111	100	103	117	141	116	116	90	93	87	93	80	80	92	104	97	106	114	117	131	131
129	132	111	111	103	121	138	147	116	116	90	90	69	84	80	80	107	113	91	106	120	120	131	131
129	138	111	111	100	109	135	147	116	116	93	93	87	93	80	80	104	107	91	106	117	117	131	131
117	132	108	111	115	133	117	135	116	125	93	96	84	87	80	80	104	107	91	109	120	126	131	131
132	132	111	117	103	124	114	132	116	125	90	93	78	84	80	83	107	110	106	106	120	120	128	131
132	132	111	117	103	124	114	132	116	125	90	93	78	84	80	83	107	110	106	106	120	120	128	131
135	138	111	111	112	124	138	141	116	116	90	96	84	108	80	83	104	107	106	106	120	126	131	131
129	132	111	111	91	124	99	111	116	116	90	90	84	84	80	86	104	104	103	106	114	123	131	134
123	168	111	111	100	112	144	144	116	116	93	96	84	87	80	80	104	107	106	112	114	120	131	131
117	132	108	111	115	133	117	135	116	125	93	96	84	87	80	80	104	107	91	109	120	126	131	131
129	132	111	111	115	127	99	135	125	125	93	93	84	96	80	80	92	104	91	106	120	120	131	131
129	132	111	111	118	118	141	141	116	125	87	90	84	87	80	80	104	107	106	109	105	120	131	134
132	132	111	111	100	115	114	138	116	125	93	93	84	90	80	80	104	107	97	106	117	126	131	131
129	132	111	111	103	127	144	159	116	125	93	93	84	87	80	80	92	107	100	109	120	120	131	134
129	132	111	111	103	127	144	159	116	125	93	93	84	87	80	80	92	107	100	109	120	120	131	134
129	132	111	111	103	127	144	159	116	125	93	93	84	87	80	80	92	107	100	109	120	120	131	134
129	138	111	111	100	115	138	150	116	116	87	102	87	87	80	80	107	107	106	109	126	132	131	131
132	135	111	111	100	103	132	150	116	125	93	96	84	90	80	80	98	104	106	106	126	126	131	131
120	129	111	126	115	136	111	153	116	116	90	90	84	87	80	89	104	107	100	106	117	117	134	155
129	132	111	111	118	118	141	201	116	125	87	90	84	87	80	80	104	107	106	109	105	120	131	134
135	138	111	111	112	124	138	141	116	116	90	96	84	108	80	83	104	107	106	106	120	126	131	131
129	135	111	120	100	133	141	150	116	116	90	90	84	84	80	80	104	107	100	106	120	120	113	152
117	129	108	111	115	133	135	138	116	125	93	96	84	87	80	80	104	107	91	109	120	126	131	131
132	132	111	111	115	127	99	135	125	125	93	93	84	96	80	80	92	104	91	106	120	120	131	131
132	135	111	111	100	103	132	150	116	125	93	96	84	90	80	80	98	104	106	106	126	126	131	131
129	132	111	111	118	118	141	141	116	125	87	90	84	87	80	80	104	107	106	109	105	120	131	134
132	132	111	111	100	115	114	138	116	125	93	93	84	90	80	80	104	107	97	106	117	126	131	131
135	135	111	111	100	127	129	141	116	116	90	102	84	84	80	80	104	107	106	106	114	126	131	131
135	135	111	111	100	127	129	141	116	125	90	102	84	84	80	80	104	107	106	106	114	126	131	131
132	132	111	111	109	124	135	159	116	125	93	96	81	87	80	80	104	104	106	106	120	120	131	131
129	132	111	129	91	130	147	147	116	125	93	96	84	90	80	80	92	104	91	106	114	120	131	134
132	132	111	111	103	124	132	153	116	116	90	90	84	87	80	80	104	107	91	106	120	120	131	131
129	132	111	129	100	130	99	108	116	125	90	102	84	87	80	80	104	104	103	106	114	120	131	131
135	135	111	111	100	127	129	141	116	125	90	102	84	84	80	80	104	107	106	106	114	126	131	131
129	132	111	111	100	103	138	153	116	125	90	93	84	90	80	83	104	104	97	106	120	120	122	122
129	132	111	141	106	130	123	141	125	125	90	90	84	84	80	83	104	107	91	97	117	120	131	131
129	129	111	132	100	130	138	138	116	116	90	102	84	84	80	80	104	104	91	106	114	117	131	131
120	129	129	132	130	139	99	99	116	116	93	102	84	84	80	80	104	107	103	106	114	114	131	134
132	132	111	114	100	109	144	153	116	116	93	102	84	90	80	80	104	107	106	109	120	120	134	134
132	135	111	111	100	121	138	144	116	125	93	93	84	84	68	80	107	107	97	106	120	120	128	137
132	132	111	111	109	124	135	159	116	125	93	96	81	87	80	80	104	104	106	106	120	120	131	131
129	132	111	141	106	130	123	141	125	125	90	90	84	84	80	83	104	107	91	97	117	120	131	131
132	132	111	117	103	121	138	141	116	125	93	96	84	87	80	83	104	107	91	106	117	117	131	137
120	129	126	129	130	139	99	99	116	116	93	102	84	84	80	80	104	107	103	106	114	114	131	134
135	135	111	111	100	127	129	141	116	125	90	102	84	84	80	80	104	107	106	106	114	126	131	131
129	132	111	111	109	136	123	153	116	116	93	93	84	84	80	80	104	107	91	109	117	117	131	137
132	132	111	111	109	124	135	159	116	125	93	96	81	87	80	80	104	104	106	106	120	120	131	131
132	132	111	111	109	124	135	159	116	125	93	96	81	87	80	80	104	104	106	106	120	120	131	131
132	135	111	126	100	112	126	135	116	125	90	96	87	87	80	80	104	107	106	109	120	126	128	131
120	129	126	129	130	139	99	99	116	116	93	102	84	84	80	80	104	107	103	106	114	114	131	134
129	129	111	132	109	124	99	135	116	125	90	96	84	87	80	80	104	104	100	106	105	126	131	131
129	129	111	132	109	124	99	135	116	125	90	96	84	87	80	80	104	104	100	106	105	126	131	131
132	138	111	126	103	118	114	123	116	125	90	93	87	87	80	80	104	107	97	106	120	123	131	155
129	135	129	132	106	124	114	135	125	125	90	96	84	87	80	80	104	104	100	106	120	126	131	134
135	138	111	129	100	127	138	141	125	125	90	96	87	87	80	80	92	104	106	106	120	126	131	134
129	132	111	111	109	130	102	126	116	116	90	93	72	93	80	80	104	107	106	106	126	126	134	137
132	132	111	126	121	133	93	111	116	116	90	93	84	87	80	80	107	107	106	109	114	114	122	131
135	138	111	129	106	127	114	138	116	125	93	96	87	87	80	83	104	104	106	106	120	120	131	134
135	138	111	129	106	127	114	138	116	125	93	96	87	87	80	83	104	104	106	106	120	120	131	134
129	171	111	111	112	121	102	117	116	125	90	96	84	84	80	80	104	104	91	97	129	129	131	134
129	129	111	132	109	124	99	135	116	125	90	96	84	87	80	80	104	104	100	106	105	126	131	131
132	141	111	111	109	124	135	156	116	125	87	93	84	87	80	80	104	107	106	106	120	123	134	143
120	129	111	126	100	100	141	144	116	125	90	90	87	87	80	80	104	107	91	109	117	120	131	134
132	132	123	123	106	121	135	147	125	125	90	93	84	93	80	80	92	104	91	106	117	117	131	131
129	129	111	132	109	124	99	135	116	125	90	96	84	87	80	80	104	104	100	106	105	126	131	131
129	129	111	132	109	124	99	135	116	125	90	96	84	87	80	80	104	104	100	106	105	126	131	131
132	138	111	126	103	127	114	123	116	125	90	93	87	87	80	80	104	107	97	106	120	123	131	155
129	129	111	132	109	124	99	135	116	125	90	96	84	87	80	80	104	104	100	106	105	126	131	131
129	129	111	111	109	124	108	132	116	125	90	93	78	84	80	80	104	107	91	109	117	126	131	134
129	129	111	111	109	124	108	132	116	125	90	93	78	84	80	80	104	107	91	109	117	126	131	134
120	138	111	126	121	121	135	144	125	125	90	90	84	84	80	80	107	107	91	109	117	120	131	131
129	129	111	132	109	127	99	135	116	125	90	96	84	87	80	80	104	104	100	106	105	126	131	131
129	129	111	132	109	124	99	135	116	125	90	96	84	87	80	80	104	104	100	106	105	126	131	131
129	129	111	132	109	124	99	135	116	125	90	96	84	87	80	80	104	104	100	106	105	126	131	131
129	129	111	132	109	124	99	135	116	125	90	96	84	87	80	80	104	104	100	106	105	126	131	131
135	138	111	111	118	127	114	123	116	125	93	96	87	87	80	80	104	104	106	109	120	123	131	134
129	129	111	111	109	124	108	132	116	125	90	93	78	84	80	80	104	107	91	109	117	126	131	134
132	132	111	111	100	133	141	147	116	122	90	93	84	87	80	80	104	107	106	109	120	120	134	161
129	132	111	111	100	127	135	141	116	116	93	93	84	87	80	80	104	107	100	106	120	126	134	137
126	126	111	111	100	103	141	144	116	125	93	93	84	84	80	80	104	107	100	106	117	123	131	137
120	123	99	99	88	94	99	138	116	116	90	93	81	84	80	80	95	95	79	79	108	114	125	131
126	132	111	111	91	103	108	141	116	125	93	93	84	87	80	80	104	110	100	109	120	123	131	131
129	132	111	120	103	115	108	141	116	125	93	93	84	87	80	80	104	107	109	109	120	123	134	134
129	129	111	120	91	103	108	141	116	125	90	93	84	87	68	80	104	110	103	109	120	123	131	134
126	129	111	111	100	112	111	132	116	116	90	93	87	87	80	80	104	107	94	106	120	120	131	131
129	132	111	111	100	118	93	150	116	125	96	96	84	87	80	80	104	104	106	106	117	120	119	134
129	129	99	123	100	118	99	150	119	119	96	99	84	84	83	83	104	107	97	106	111	117	134	134
129	132	111	120	103	115	108	141	116	125	93	93	84	87	80	80	104	107	109	109	120	123	134	134
129	132	111	120	103	115	108	141	116	125	93	93	84	87	80	80	104	107	109	109	120	123	134	134
132	165	111	114	115	118	93	153	116	125	90	93	81	90	80	80	104	104	106	106	111	123	116	137
126	132	111	111	100	112	111	129	116	116	90	93	87	87	80	80	104	107	94	106	120	120	131	131
126	126	111	111	100	103	141	144	116	125	93	93	66	84	80	80	104	107	100	106	117	123	131	137
129	138	111	129	100	115	120	135	116	125	90	93	87	90	80	80	104	104	106	106	120	123	116	161
126	129	111	129	112	121	105	138	116	125	90	96	81	87	80	80	104	110	100	106	120	129	134	146
129	129	111	111	91	121	132	144	116	116	84	90	84	84	80	83	104	107	97	109	117	120	131	131
111	129	111	111	91	121	132	144	116	116	84	90	84	84	80	83	104	107	97	109	117	120	131	131
132	135	111	111	103	118	141	144	116	125	81	93	81	84	80	80	104	110	91	109	120	120	131	137
126	132	111	126	112	121	105	138	116	125	90	96	84	84	80	80	104	110	100	106	120	129	134	146
111	132	111	111	112	127	111	141	110	116	93	93	84	105	80	80	107	107	91	100	108	120	131	131
129	129	111	111	91	121	132	132	116	116	84	90	84	84	83	83	104	107	97	109	117	120	131	131
111	132	111	111	112	115	123	141	116	125	93	93	84	84	80	80	107	107	100	106	120	120	131	131
129	132	111	111	103	118	138	144	119	128	81	93	81	84	80	80	104	110	91	109	120	120	131	137
126	129	111	129	112	121	105	138	116	125	90	96	84	87	80	80	104	110	100	106	120	129	134	146
132	165	111	114	115	118	93	153	116	125	90	93	81	90	80	80	104	104	106	106	111	123	116	137
129	129	111	111	91	121	132	144	116	116	84	90	84	84	80	83	104	107	97	109	117	120	131	131
129	129	111	111	91	121	132	144	116	116	84	90	84	84	80	83	104	107	97	109	117	120	131	131
132	141	111	129	100	115	120	135	116	125	93	93	87	90	80	80	104	104	106	106	120	123	116	161
129	132	111	111	103	118	141	144	116	125	81	93	81	84	80	80	104	110	91	109	120	120	131	137
126	129	111	129	112	121	105	138	116	125	90	96	84	87	80	80	92	104	100	106	120	129	134	146
129	132	111	111	91	124	141	144	116	116	90	93	84	84	80	83	104	107	97	109	120	120	131	131
129	129	111	111	91	121	132	144	116	116	84	90	84	84	80	83	104	107	97	109	117	120	131	131
132	132	111	111	112	115	123	141	116	125	93	93	84	84	80	80	107	107	100	106	120	120	131	131
126	126	111	114	97	112	99	141	116	116	93	93	87	90	71	80	107	110	91	109	120	120	131	131
129	132	111	111	100	118	0	0	116	125	96	96	84	87	80	80	104	104	106	106	117	120	119	134
129	138	123	144	112	115	129	156	116	116	90	96	81	87	80	80	92	107	106	109	120	120	131	134
129	135	111	123	115	115	114	141	116	116	87	90	84	87	80	80	104	107	106	109	120	120	134	137
129	135	111	123	115	115	114	141	116	116	87	90	84	87	80	80	104	107	106	109	120	120	134	137
129	135	111	123	115	115	114	141	116	116	87	90	84	87	80	80	104	107	106	109	120	120	134	137
126	126	105	111	112	124	102	141	125	125	93	93	84	84	80	80	104	107	106	106	120	120	131	131
129	135	111	123	115	115	114	141	116	116	87	90	84	87	80	80	104	107	106	109	120	120	134	137
129	135	111	123	115	115	114	141	116	116	87	90	84	87	80	80	104	107	106	109	120	120	134	137
129	135	111	123	115	115	114	141	116	116	87	90	84	87	80	80	104	107	106	109	120	120	134	137
126	132	111	144	100	112	135	144	116	125	90	93	84	84	80	80	104	107	97	97	120	120	131	131
129	129	111	114	100	115	135	156	116	125	90	93	84	87	80	83	107	107	91	91	126	126	122	131
129	135	111	123	115	115	114	141	116	116	87	90	84	87	80	80	104	107	106	109	120	120	134	137
126	126	105	111	112	124	102	141	125	125	93	93	84	84	80	80	104	107	106	106	120	120	131	131
129	135	111	123	115	115	114	141	116	116	87	90	84	87	80	80	104	107	106	109	120	120	137	137
129	162	111	111	91	118	99	159	116	116	90	93	84	84	80	80	104	104	106	106	111	120	116	170
129	129	111	111	91	118	90	147	113	116	93	93	75	84	77	80	92	104	106	106	111	120	134	134
129	129	111	111	91	118	90	147	113	116	93	93	75	84	77	80	92	104	106	106	111	120	134	134
129	129	111	111	91	118	90	147	113	116	93	93	75	84	77	80	92	104	106	106	111	120	134	134
126	126	111	111	82	121	90	138	113	116	93	105	75	75	77	80	92	107	106	106	120	120	131	131
123	126	111	117	100	115	123	147	116	125	90	93	84	87	80	80	107	107	106	109	117	117	131	131
126	129	111	135	100	136	129	135	116	125	93	93	84	102	80	80	104	104	91	109	120	120	131	137
126	126	111	117	109	118	93	141	116	125	84	93	84	87	80	80	107	110	109	109	117	126	128	140
129	129	111	111	97	124	99	156	116	116	90	99	84	87	80	80	107	110	100	106	120	120	119	134
126	126	111	111	103	121	138	141	116	125	90	96	84	84	80	80	104	104	100	106	117	120	122	131
129	129	111	111	106	112	132	144	116	116	93	96	84	84	80	80	104	107	106	109	117	120	131	131
126	129	111	111	103	130	135	144	116	116	93	93	84	84	80	80	104	107	106	109	120	126	137	161
126	126	111	111	82	121	90	138	113	116	93	105	75	75	77	80	92	107	106	106	120	120	131	131
126	126	111	111	82	121	90	138	113	116	93	105	75	75	77	80	92	107	106	106	120	120	131	131
132	132	111	111	109	124	111	147	116	125	90	93	84	90	80	80	104	107	106	106	120	120	134	140
126	126	111	117	109	118	93	141	116	125	84	93	84	87	80	80	107	110	106	109	117	126	128	140
129	129	111	111	100	115	141	159	125	125	90	90	90	90	80	83	104	104	106	106	117	120	134	137
126	126	111	117	109	118	93	141	116	125	84	93	84	87	80	80	107	110	109	109	117	126	128	140
123	126	111	129	82	118	129	147	113	125	90	93	75	87	80	80	92	104	106	106	120	120	116	116
129	129	111	111	82	118	90	141	113	116	93	105	75	75	77	80	92	107	106	106	120	120	137	137
129	129	117	117	103	118	144	159	116	116	93	93	84	84	80	80	104	107	106	106	117	120	131	131
129	138	111	111	100	115	141	153	116	125	84	93	90	105	80	80	107	110	106	106	120	120	131	134
129	135	111	132	112	115	132	147	116	116	93	93	84	84	80	80	104	107	109	109	117	120	140	170
126	132	111	111	103	112	123	150	113	116	93	93	81	87	80	83	104	110	103	109	120	126	134	134
129	129	111	111	109	133	141	168	116	125	96	96	84	87	80	80	104	107	91	106	120	120	131	131
129	135	111	114	109	118	132	147	116	116	93	96	84	84	80	80	92	107	106	109	123	132	137	137
129	132	111	111	121	121	93	132	116	125	90	96	87	87	80	80	104	104	106	106	111	111	119	119
126	132	111	111	82	121	90	153	116	116	90	93	87	87	80	80	92	104	106	106	111	111	137	137
129	132	111	111	121	121	93	132	116	125	90	96	87	87	80	80	104	104	106	106	111	111	119	119
129	129	111	111	82	118	90	141	113	116	93	105	75	75	77	80	92	107	106	106	120	120	137	137
129	129	111	111	82	118	90	141	113	116	93	105	75	75	77	80	92	107	106	106	120	120	137	137
129	132	111	111	121	121	93	132	116	125	90	96	87	87	80	80	104	104	106	106	111	111	119	119
117	126	111	117	118	124	129	141	125	125	93	96	84	90	80	80	104	110	97	106	117	120	131	131
126	129	114	120	100	118	111	129	116	116	93	93	84	93	80	80	107	110	106	106	111	120	131	131
117	129	111	111	103	115	99	111	113	125	90	93	84	87	80	80	104	107	106	106	117	120	131	137
126	129	111	120	106	115	129	162	116	125	90	90	84	87	80	80	107	107	106	106	108	117	134	167
126	129	108	111	109	115	132	153	116	116	96	99	84	87	80	80	92	104	97	106	123	132	128	137
126	129	123	123	94	133	138	150	116	125	96	111	84	87	80	89	104	107	91	109	120	126	131	131