87 12 0
Gene_1
Gene_6
Gene_7
Gene_11
Gene_AE
Gene_AM
Gene_R
Gene_AC
Gene_44
Gene_49
Gene_50
Gene_55
1 129 132 111 111 100 127 135 141 116 116 93 93 84 87 80 80 104 107 100 106 120 126 134 137
2 126 126 111 111 100 103 141 144 116 125 93 93 84 84 80 80 104 107 100 106 117 123 131 137
3 120 123 99 99 88 94 99 138 116 116 90 93 81 84 80 80 95 95 79 79 108 114 125 131
4 126 132 111 111 91 103 108 141 116 125 93 93 84 87 80 80 104 110 100 109 120 123 131 131
5 129 132 111 120 103 115 108 141 116 125 93 93 84 87 80 80 104 107 109 109 120 123 134 134
6 129 129 111 120 91 103 108 141 116 125 90 93 84 87 68 80 104 110 103 109 120 123 131 134
7 126 129 111 111 100 112 111 132 116 116 90 93 87 87 80 80 104 107 94 106 120 120 131 131
8 129 132 111 111 100 118 93 150 116 125 96 96 84 87 80 80 104 104 106 106 117 120 119 134
9 129 129 99 123 100 118 99 150 119 119 96 99 84 84 83 83 104 107 97 106 111 117 134 134
10 129 132 111 120 103 115 108 141 116 125 93 93 84 87 80 80 104 107 109 109 120 123 134 134
11 129 132 111 120 103 115 108 141 116 125 93 93 84 87 80 80 104 107 109 109 120 123 134 134
12 132 165 111 114 115 118 93 153 116 125 90 93 81 90 80 80 104 104 106 106 111 123 116 137
13 126 132 111 111 100 112 111 129 116 116 90 93 87 87 80 80 104 107 94 106 120 120 131 131
14 126 126 111 111 100 103 141 144 116 125 93 93 66 84 80 80 104 107 100 106 117 123 131 137
15 129 138 111 129 100 115 120 135 116 125 90 93 87 90 80 80 104 104 106 106 120 123 116 161
16 126 129 111 129 112 121 105 138 116 125 90 96 81 87 80 80 104 110 100 106 120 129 134 146
17 129 129 111 111 91 121 132 144 116 116 84 90 84 84 80 83 104 107 97 109 117 120 131 131
18 111 129 111 111 91 121 132 144 116 116 84 90 84 84 80 83 104 107 97 109 117 120 131 131
19 132 135 111 111 103 118 141 144 116 125 81 93 81 84 80 80 104 110 91 109 120 120 131 137
20 126 132 111 126 112 121 105 138 116 125 90 96 84 84 80 80 104 110 100 106 120 129 134 146
21 111 132 111 111 112 127 111 141 110 116 93 93 84 105 80 80 107 107 91 100 108 120 131 131
22 129 129 111 111 91 121 132 132 116 116 84 90 84 84 83 83 104 107 97 109 117 120 131 131
23 111 132 111 111 112 115 123 141 116 125 93 93 84 84 80 80 107 107 100 106 120 120 131 131
24 129 132 111 111 103 118 138 144 119 128 81 93 81 84 80 80 104 110 81 109 120 120 131 137
25 126 129 111 129 112 121 105 138 116 125 90 96 84 87 80 80 104 110 100 106 120 129 134 146
26 132 165 111 114 115 118 93 153 116 125 90 93 81 90 80 80 104 104 106 106 111 123 116 137
27 129 129 111 111 91 121 132 144 116 116 84 90 84 84 80 83 104 107 97 109 117 120 131 131
28 129 129 111 111 91 121 132 144 116 116 84 90 84 84 80 83 104 107 97 109 117 120 131 131
29 132 141 111 129 100 115 120 135 116 125 93 93 87 90 80 80 104 104 106 106 120 123 116 161
30 129 132 111 111 103 118 141 144 116 125 81 93 81 84 80 80 104 110 91 109 120 120 131 137
31 126 129 111 129 112 121 105 138 116 125 90 96 84 87 80 80 92 104 100 106 120 129 134 146
32 129 132 111 111 91 124 141 144 116 116 90 93 84 84 80 83 104 107 97 109 120 120 131 131
33 129 129 111 111 91 121 132 144 116 116 84 90 84 84 80 83 104 107 97 109 117 120 131 131
34 132 132 111 111 112 115 123 141 116 125 93 93 84 84 80 80 107 107 100 106 120 120 131 131
35 126 126 111 114 97 112 99 141 116 116 93 93 87 90 71 80 107 110 91 109 120 120 131 131
36 129 132 111 111 100 118 0 0 116 125 96 96 84 87 80 80 104 104 106 106 117 120 119 134
37 129 138 123 144 112 115 129 156 116 116 90 96 81 87 80 80 92 107 106 109 120 120 131 134
38 129 135 111 123 115 115 114 141 116 116 87 90 84 87 80 80 104 107 106 109 120 120 134 137
39 129 135 111 123 115 115 114 141 116 116 87 90 84 87 80 80 104 107 106 109 120 120 134 137
40 129 135 111 123 115 115 114 141 116 116 87 90 84 87 80 80 104 107 106 109 120 120 134 137
41 126 126 105 111 112 124 102 141 125 125 93 93 84 84 80 80 104 107 106 106 120 120 131 131
42 129 135 111 123 115 115 114 141 116 116 87 90 84 87 80 80 104 107 106 109 120 120 134 137
43 129 135 111 123 115 115 114 141 116 116 87 90 84 87 80 80 104 107 106 109 120 120 134 137
44 129 135 111 123 115 115 114 141 116 116 87 90 84 87 80 80 104 107 106 109 120 120 134 137
45 126 132 111 144 100 112 135 144 116 125 90 93 84 84 80 80 104 107 97 97 120 120 131 131
46 129 129 111 114 100 115 135 156 116 125 90 93 84 87 80 83 107 107 91 91 126 126 122 131
47 129 135 111 123 115 115 114 141 116 116 87 90 84 87 80 80 104 107 106 109 120 120 134 137
48 126 126 105 111 112 124 102 141 125 125 93 93 84 84 80 80 104 107 106 106 120 120 131 131
49 129 135 111 123 115 115 114 141 116 116 87 90 84 87 80 80 104 107 106 109 120 120 137 137
50 129 162 111 111 91 118 99 159 116 116 90 93 84 84 80 80 104 104 106 106 111 120 116 170
51 129 129 111 111 91 118 90 147 113 116 93 93 75 84 77 80 92 104 106 106 111 120 134 134
52 129 129 111 111 91 118 90 147 113 116 93 93 75 84 77 80 92 104 106 106 111 120 134 134
53 129 129 111 111 91 118 90 147 113 116 93 93 75 84 77 80 92 104 106 106 111 120 134 134
54 126 126 111 111 82 121 90 138 113 116 93 105 75 75 77 80 92 107 106 106 120 120 131 131
55 123 126 111 117 100 115 123 147 116 125 90 93 84 87 80 80 107 107 106 109 117 117 131 131
56 126 129 111 135 100 136 129 135 116 125 93 93 84 102 80 80 104 104 91 109 120 120 131 137
57 126 126 111 117 109 118 93 141 116 125 84 93 84 87 80 80 107 110 109 109 117 126 128 140
58 129 129 111 111 97 124 99 156 116 116 90 99 84 87 80 80 107 110 100 106 120 120 119 134
59 126 126 111 111 103 121 138 141 116 125 90 96 84 84 80 80 104 104 100 106 117 120 122 131
60 129 129 111 111 106 112 132 144 116 116 93 96 84 84 80 80 104 107 106 109 117 120 131 131
61 126 129 111 111 103 130 135 144 116 116 93 93 84 84 80 80 104 107 106 109 120 126 137 161
62 126 126 111 111 82 121 90 138 113 116 93 105 75 75 77 80 92 107 106 106 120 120 131 131
63 126 126 111 111 82 121 90 138 113 116 93 105 75 75 77 80 92 107 106 106 120 120 131 131
64 132 132 111 111 109 124 111 147 116 125 90 93 84 90 80 80 104 107 106 106 120 120 134 140
65 126 126 111 117 109 118 93 141 116 125 84 93 84 87 80 80 107 110 106 109 117 126 128 140
66 129 129 111 111 100 115 141 159 125 125 90 90 90 90 80 83 104 104 106 106 117 120 134 137
67 126 126 111 117 109 118 93 141 116 125 84 93 84 87 80 80 107 110 109 109 117 126 128 140
68 123 126 111 129 82 118 129 147 113 125 90 93 75 87 80 80 92 104 106 106 120 120 116 116
69 129 129 111 111 82 118 90 141 113 116 93 105 75 75 77 80 92 107 106 106 120 120 137 137
70 129 129 117 117 103 118 144 159 116 116 93 93 84 84 80 80 104 107 106 106 117 120 131 131
71 129 138 111 111 100 115 141 153 116 125 84 93 90 105 80 80 107 110 106 106 120 120 131 134
72 129 135 111 132 112 115 132 147 116 116 93 93 84 84 80 80 104 107 109 109 117 120 140 170
73 126 132 111 111 103 112 123 150 113 116 93 93 81 87 80 83 104 110 103 109 120 126 134 134
74 129 129 111 111 109 133 141 168 116 125 96 96 84 87 80 80 104 107 91 106 120 120 131 131
75 129 135 111 114 109 118 132 147 116 116 93 96 84 84 80 80 92 107 106 109 123 132 137 137
76 129 132 111 111 121 121 93 132 116 125 90 96 87 87 80 80 104 104 106 106 111 111 119 119
77 126 132 111 111 82 121 90 153 116 116 90 93 87 87 80 80 92 104 106 106 111 111 137 137
78 129 132 111 111 121 121 93 132 116 125 90 96 87 87 80 80 104 104 106 106 111 111 119 119
79 129 129 111 111 82 118 90 141 113 116 93 105 75 75 77 80 92 107 106 106 120 120 137 137
80 129 129 111 111 82 118 90 141 113 116 93 105 75 75 77 80 92 107 106 106 120 120 137 137
81 129 132 111 111 121 121 93 132 116 125 90 96 87 87 80 80 104 104 106 106 111 111 119 119
82 117 126 111 117 118 124 129 141 125 125 93 96 84 90 80 80 104 110 97 106 117 120 131 131
83 126 129 114 120 100 118 111 129 116 116 93 93 84 93 80 80 107 110 106 106 111 120 131 131
84 117 129 111 111 103 115 99 111 113 125 90 93 84 87 80 80 104 107 106 106 117 120 131 137
85 126 129 111 120 106 115 129 162 116 125 90 90 84 87 80 80 107 107 106 106 108 117 134 167
86 126 129 108 111 109 115 132 153 116 116 96 99 84 87 80 80 92 104 97 106 123 132 128 137
87 126 129 123 123 94 133 138 150 116 125 96 111 84 87 80 89 104 107 91 109 120 126 131 131