131 12 0
Gene_1
Gene_6
Gene_7
Gene_11
Gene_AE
Gene_AM
Gene_R
Gene_AC
Gene_44
Gene_49
Gene_50
Gene_55
1 126 135 111 111 100 121 138 162 116 125 90 93 87 87 80 80 92 107 103 106 120 120 131 131
2 129 141 111 111 100 103 126 141 116 125 87 93 84 87 71 80 92 104 100 106 114 120 131 131
3 132 135 111 117 118 133 144 198 116 116 93 93 81 84 80 116 107 107 91 106 126 132 131 131
4 120 138 111 111 115 115 147 150 116 125 90 90 84 87 80 80 104 107 91 106 117 120 131 131
5 132 138 111 129 100 118 111 141 125 125 90 93 81 84 80 80 107 110 97 97 117 126 131 131
6 132 138 111 123 112 127 120 141 116 125 90 93 87 105 80 83 104 107 91 106 117 120 131 131
7 120 141 111 117 115 121 93 144 116 125 90 93 84 87 80 80 107 107 97 106 120 120 125 131
8 105 132 111 111 100 130 153 159 116 125 93 96 84 84 80 80 92 104 91 106 117 126 131 173
9 117 132 111 111 103 130 114 120 116 125 93 93 84 84 80 80 104 107 106 109 120 126 131 131
10 117 129 111 111 106 115 102 147 116 125 90 93 84 87 80 80 92 107 91 106 120 123 131 131
11 117 132 111 111 124 130 141 141 116 125 93 93 84 90 80 80 107 107 106 106 117 120 131 134
12 129 132 111 111 103 124 123 141 116 125 96 102 78 105 80 83 107 113 91 109 123 126 125 131
13 132 135 111 111 127 127 126 126 116 125 90 96 81 87 80 80 104 107 97 97 120 126 131 131
14 132 132 108 111 112 112 144 150 125 125 93 93 84 87 80 80 104 107 106 106 120 120 131 131
15 117 132 111 111 103 130 114 120 116 125 93 93 84 84 80 80 104 107 106 109 120 126 131 131
16 129 135 111 111 100 133 111 162 116 125 90 93 87 87 80 80 104 107 106 106 120 120 131 176
17 135 135 111 126 100 115 147 198 116 116 90 90 84 87 80 80 92 104 91 106 126 126 131 134
18 132 132 111 117 106 115 120 138 116 116 90 93 84 84 80 80 107 107 91 106 117 120 131 131
19 132 135 111 111 100 127 123 162 116 116 90 90 84 87 80 80 107 107 100 109 117 126 131 131
20 132 132 108 111 112 112 144 150 125 125 93 93 84 87 80 80 104 107 106 106 120 120 131 131
21 132 132 111 111 100 127 144 165 116 125 90 90 87 87 80 80 104 107 106 109 114 120 131 131
22 126 132 111 126 103 103 99 129 116 125 90 93 81 93 80 80 104 104 97 100 120 120 131 134
23 135 135 111 126 100 115 147 198 116 116 90 90 84 87 80 80 92 104 91 106 126 126 131 134
24 132 135 111 120 109 112 120 153 116 116 84 93 87 108 80 80 104 107 106 109 126 126 131 134
25 138 138 111 111 100 118 138 144 116 116 93 93 84 84 80 80 104 104 106 106 117 117 131 131
26 135 138 111 123 100 109 111 120 116 116 90 93 81 87 80 80 107 107 106 109 123 126 131 182
27 132 138 111 114 115 124 144 147 116 125 87 96 84 87 80 80 104 107 97 109 120 126 128 131
28 129 132 111 126 106 127 138 138 116 116 90 105 84 87 80 80 104 107 91 91 120 126 131 131
29 129 132 111 126 106 127 138 138 116 116 90 105 84 87 80 80 104 107 91 91 120 126 131 131
30 129 129 111 120 100 112 141 144 116 125 90 96 84 87 80 80 92 104 106 109 120 123 131 131
31 132 135 111 120 109 112 120 153 116 116 84 93 87 108 80 80 104 107 106 109 126 126 131 134
32 132 132 111 138 103 112 138 147 116 125 90 93 84 96 80 80 107 107 106 109 120 126 134 158
33 138 138 111 111 100 118 138 144 116 116 93 93 84 84 80 80 104 104 106 106 117 117 131 131
34 132 135 111 129 88 100 114 150 116 116 90 93 84 87 80 80 92 107 106 106 117 120 128 131
35 138 141 111 111 91 115 102 126 116 125 87 93 75 84 80 80 104 107 106 106 117 117 128 170
36 129 132 111 123 124 127 111 120 116 116 90 93 84 87 80 80 104 107 106 106 120 123 116 131
37 132 132 111 138 103 112 138 147 116 125 90 93 84 96 80 80 107 107 106 109 120 126 134 158
38 132 138 111 114 115 124 114 147 116 125 90 93 84 87 80 80 104 107 106 106 120 120 131 131
39 132 135 111 120 109 112 120 153 116 116 84 93 87 108 80 80 104 107 106 109 126 126 131 134
40 138 138 111 111 100 118 138 144 116 116 93 93 84 84 80 80 104 104 106 106 117 117 131 131
41 138 138 111 126 97 100 111 126 116 125 90 93 84 84 80 80 107 110 103 109 117 117 125 131
42 132 138 111 114 115 124 144 147 116 125 87 96 84 87 80 80 104 107 97 109 120 126 128 131
43 129 132 114 126 124 127 114 138 116 116 90 105 84 87 80 80 104 104 91 106 120 126 131 131
44 129 132 111 126 106 127 138 138 116 116 90 105 84 87 80 80 104 107 91 91 120 126 131 131
45 132 132 111 126 103 109 111 162 116 116 90 93 84 84 80 80 104 104 106 106 117 129 131 134
46 132 132 111 126 112 112 141 144 116 125 90 90 84 87 80 80 92 107 106 109 126 126 131 134
47 129 132 111 111 100 112 99 117 116 116 90 93 84 84 80 83 104 104 91 106 117 126 131 131
48 138 138 111 126 97 100 111 126 116 125 90 93 84 84 80 80 107 110 103 109 117 117 125 131
49 126 132 111 111 103 103 102 138 116 116 93 93 84 84 68 80 92 104 100 106 117 120 134 176
50 132 132 111 129 103 115 135 138 116 116 87 90 84 84 80 80 104 107 91 106 120 120 131 131
51 132 132 111 129 103 115 135 138 116 116 87 90 84 84 80 80 104 107 91 106 120 120 131 131
52 132 135 111 111 115 133 141 141 116 125 93 96 87 90 71 80 104 104 106 106 126 126 131 134
53 135 138 111 111 112 124 138 141 116 116 90 96 84 108 80 83 104 107 106 106 120 126 131 131
54 132 138 111 111 100 103 117 141 116 116 90 93 87 93 80 80 92 104 97 106 114 117 131 131
55 129 132 111 111 103 121 138 147 116 116 90 90 69 84 80 80 107 113 91 106 120 120 131 131
56 129 138 111 111 100 109 135 147 116 116 93 93 87 93 80 80 104 107 91 106 117 117 131 131
57 117 132 108 111 115 133 117 135 116 125 93 96 84 87 80 80 104 107 91 109 120 126 131 131
58 132 132 111 117 103 124 114 132 116 125 90 93 78 84 80 83 107 110 106 106 120 120 128 131
59 132 132 111 117 103 124 114 132 116 125 90 93 78 84 80 83 107 110 106 106 120 120 128 131
60 135 138 111 111 112 124 138 141 116 116 90 96 84 108 80 83 104 107 106 106 120 126 131 131
61 129 132 111 111 91 124 99 111 116 116 90 90 84 84 80 86 104 104 103 106 114 123 131 134
62 123 168 111 111 100 112 144 144 116 116 93 96 84 87 80 80 104 107 106 112 114 120 131 131
63 117 132 108 111 115 133 117 135 116 125 93 96 84 87 80 80 104 107 91 109 120 126 131 131
64 129 132 111 111 115 127 99 135 125 125 93 93 84 96 80 80 92 104 91 106 120 120 131 131
65 129 132 111 111 118 118 141 141 116 125 87 90 84 87 80 80 104 107 106 109 105 120 131 134
66 132 132 111 111 100 115 114 138 116 125 93 93 84 90 80 80 104 107 97 106 117 126 131 131
67 129 132 111 111 103 127 144 159 116 125 93 93 84 87 80 80 92 107 100 109 120 120 131 134
68 129 132 111 111 103 127 144 159 116 125 93 93 84 87 80 80 92 107 100 109 120 120 131 134
69 129 132 111 111 103 127 144 159 116 125 93 93 84 87 80 80 92 107 100 109 120 120 131 134
70 129 138 111 111 100 115 138 150 116 116 87 102 87 87 80 80 107 107 106 109 126 132 131 131
71 132 135 111 111 100 103 132 150 116 125 93 96 84 90 80 80 98 104 106 106 126 126 131 131
72 120 129 111 126 115 136 111 153 116 116 90 90 84 87 80 89 104 107 100 106 117 117 134 155
73 129 132 111 111 118 118 141 201 116 125 87 90 84 87 80 80 104 107 106 109 105 120 131 134
74 135 138 111 111 112 124 138 141 116 116 90 96 84 108 80 83 104 107 106 106 120 126 131 131
75 129 135 111 120 100 133 141 150 116 116 90 90 84 84 80 80 104 107 100 106 120 120 113 152
76 117 129 108 111 115 133 135 138 116 125 93 96 84 87 80 80 104 107 91 109 120 126 131 131
77 132 132 111 111 115 127 99 135 125 125 93 93 84 96 80 80 92 104 91 106 120 120 131 131
78 132 135 111 111 100 103 132 150 116 125 93 96 84 90 80 80 98 104 106 106 126 126 131 131
79 129 132 111 111 118 118 141 141 116 125 87 90 84 87 80 80 104 107 106 109 105 120 131 134
80 132 132 111 111 100 115 114 138 116 125 93 93 84 90 80 80 104 107 97 106 117 126 131 131
81 135 135 111 111 100 127 129 141 116 116 90 102 84 84 80 80 104 107 106 106 114 126 131 131
82 135 135 111 111 100 127 129 141 116 125 90 102 84 84 80 80 104 107 106 106 114 126 131 131
83 132 132 111 111 109 124 135 159 116 125 93 96 81 87 80 80 104 104 106 106 120 120 131 131
84 129 132 111 129 91 130 147 147 116 125 93 96 84 90 80 80 92 104 91 106 114 120 131 134
85 132 132 111 111 103 124 132 153 116 116 90 90 84 87 80 80 104 107 91 106 120 120 131 131
86 129 132 111 129 100 130 99 108 116 125 90 102 84 87 80 80 104 104 103 106 114 120 131 131
87 135 135 111 111 100 127 129 141 116 125 90 102 84 84 80 80 104 107 106 106 114 126 131 131
88 129 132 111 111 100 103 138 153 116 125 90 93 84 90 80 83 104 104 97 106 120 120 122 122
89 129 132 111 141 106 130 123 141 125 125 90 90 84 84 80 83 104 107 91 97 117 120 131 131
90 129 129 111 132 100 130 138 138 116 116 90 102 84 84 80 80 104 104 91 106 114 117 131 131
91 120 129 129 132 130 139 99 99 116 116 93 102 84 84 80 80 104 107 103 106 114 114 131 134
92 132 132 111 114 100 109 144 153 116 116 93 102 84 90 80 80 104 107 106 109 120 120 134 134
93 132 135 111 111 100 121 138 144 116 125 93 93 84 84 68 80 107 107 97 106 120 120 128 137
94 132 132 111 111 109 124 135 159 116 125 93 96 81 87 80 80 104 104 106 106 120 120 131 131
95 129 132 111 141 106 130 123 141 125 125 90 90 84 84 80 83 104 107 91 97 117 120 131 131
96 132 132 111 117 103 121 138 141 116 125 93 96 84 87 80 83 104 107 91 106 117 117 131 137
97 120 129 126 129 130 139 99 99 116 116 93 102 84 84 80 80 104 107 103 106 114 114 131 134
98 135 135 111 111 100 127 129 141 116 125 90 102 84 84 80 80 104 107 106 106 114 126 131 131
99 129 132 111 111 109 136 123 153 116 116 93 93 84 84 80 80 104 107 91 109 117 117 131 137
100 132 132 111 111 109 124 135 159 116 125 93 96 81 87 80 80 104 104 106 106 120 120 131 131
101 132 132 111 111 109 124 135 159 116 125 93 96 81 87 80 80 104 104 106 106 120 120 131 131
102 132 135 111 126 100 112 126 135 116 125 90 96 87 87 80 80 104 107 106 109 120 126 128 131
103 120 129 126 129 130 139 99 99 116 116 93 102 84 84 80 80 104 107 103 106 114 114 131 134
104 129 129 111 132 109 124 99 135 116 125 90 96 84 87 80 80 104 104 100 106 105 126 131 131
105 129 129 111 132 109 124 99 135 116 125 90 96 84 87 80 80 104 104 100 106 105 126 131 131
106 132 138 111 126 103 118 114 123 116 125 90 93 87 87 80 80 104 107 97 106 120 123 131 155
107 129 135 129 132 106 124 114 135 125 125 90 96 84 87 80 80 104 104 100 106 120 126 131 134
108 135 138 111 129 100 127 138 141 125 125 90 96 87 87 80 80 92 104 106 106 120 126 131 134
109 129 132 111 111 109 130 102 126 116 116 90 93 72 93 80 80 104 107 106 106 126 126 134 137
110 132 132 111 126 121 133 93 111 116 116 90 93 84 87 80 80 107 107 106 109 114 114 122 131
111 135 138 111 129 106 127 114 138 116 125 93 96 87 87 80 83 104 104 106 106 120 120 131 134
112 135 138 111 129 106 127 114 138 116 125 93 96 87 87 80 83 104 104 106 106 120 120 131 134
113 129 171 111 111 112 121 102 117 116 125 90 96 84 84 80 80 104 104 91 97 129 129 131 134
114 129 129 111 132 109 124 99 135 116 125 90 96 84 87 80 80 104 104 100 106 105 126 131 131
115 132 141 111 111 109 124 135 156 116 125 87 93 84 87 80 80 104 107 106 106 120 123 134 143
116 120 129 111 126 100 100 141 144 116 125 90 90 87 87 80 80 104 107 91 109 117 120 131 134
117 132 132 123 123 106 121 135 147 125 125 90 93 84 93 80 80 92 104 91 106 117 117 131 131
118 129 129 111 132 109 124 99 135 116 125 90 96 84 87 80 80 104 104 100 106 105 126 131 131
119 129 129 111 132 109 124 99 135 116 125 90 96 84 87 80 80 104 104 100 106 105 126 131 131
120 132 138 111 126 103 127 114 123 116 125 90 93 87 87 80 80 104 107 97 106 120 123 131 155
121 129 129 111 132 109 124 99 135 116 125 90 96 84 87 80 80 104 104 100 106 105 126 131 131
122 129 129 111 111 109 124 108 132 116 125 90 93 78 84 80 80 104 107 91 109 117 126 131 134
123 129 129 111 111 109 124 108 132 116 125 90 93 78 84 80 80 104 107 91 109 117 126 131 134
124 120 138 111 126 121 121 135 144 125 125 90 90 84 84 80 80 107 107 91 109 117 120 131 131
125 129 129 111 132 109 127 99 135 116 125 90 96 84 87 80 80 104 104 100 106 105 126 131 131
126 129 129 111 132 109 124 99 135 116 125 90 96 84 87 80 80 104 104 100 106 105 126 131 131
127 129 129 111 132 109 124 99 135 116 125 90 96 84 87 80 80 104 104 100 106 105 126 131 131
128 129 129 111 132 109 124 99 135 116 125 90 96 84 87 80 80 104 104 100 106 105 126 131 131
129 135 138 111 111 118 127 114 123 116 125 93 96 87 87 80 80 104 104 106 109 120 123 131 134
130 129 129 111 111 109 124 108 132 116 125 90 93 78 84 80 80 104 107 91 109 117 126 131 134
131 132 132 111 111 100 133 141 147 116 122 90 93 84 87 80 80 104 107 106 109 120 120 134 161