1060 12 0
Gene_1
Gene_6
Gene_7
Gene_11
Gene_AE
Gene_AM
Gene_R
Gene_AC
Gene_44
Gene_49
Gene_50
Gene_55
1 129 129 126 126 100 100 99 132 116 116 90 99 84 84 83 83 104 104 103 106 114 123 131 131
2 132 132 129 138 100 127 126 129 116 116 90 93 84 87 80 80 104 104 106 106 117 117 131 134
3 132 132 129 138 100 127 126 129 116 116 90 93 84 87 80 80 95 104 106 106 117 117 131 134
4 126 129 111 111 103 127 99 132 116 116 90 99 84 90 80 80 104 104 91 91 117 120 131 131
5 129 129 111 126 115 127 99 120 116 116 93 93 84 84 71 80 104 104 103 106 123 123 131 134
6 129 129 126 135 127 127 120 129 116 116 93 93 84 84 80 80 104 104 103 106 120 120 131 131
7 129 129 129 135 100 127 126 129 116 116 90 93 84 87 80 80 104 104 106 106 117 117 131 134
8 129 129 129 135 100 127 126 129 116 116 90 93 84 87 80 83 104 104 106 106 117 117 131 134
9 129 135 120 126 124 127 120 153 116 116 90 93 84 84 80 83 104 107 103 103 117 117 131 152
10 117 129 126 126 100 100 99 132 116 125 93 99 84 93 80 83 104 107 91 103 114 123 128 131
11 129 129 111 126 121 127 132 153 116 116 90 90 84 93 80 116 104 104 91 106 114 120 131 131
12 129 129 111 111 100 127 99 117 116 125 93 93 84 87 71 80 104 104 103 106 120 120 131 131
13 129 129 111 132 112 127 120 144 116 116 90 93 84 84 71 83 104 107 91 103 117 117 131 131
14 126 126 126 132 97 124 117 123 113 113 87 90 78 81 77 80 101 101 103 103 114 114 128 131
15 129 129 111 126 115 127 99 141 116 125 90 93 84 87 80 83 104 104 91 103 114 114 131 137
16 129 129 129 135 100 127 126 129 116 116 90 93 84 87 80 83 104 104 106 106 117 117 131 134
17 129 135 120 126 127 133 120 153 116 116 90 93 84 84 80 83 104 107 103 103 117 117 131 152
18 117 129 126 126 100 100 99 132 116 125 93 99 84 93 80 83 104 107 91 103 114 123 128 131
19 117 129 126 126 100 100 99 132 116 125 93 99 84 93 80 83 104 107 91 103 114 123 128 131
20 129 129 111 111 100 139 99 162 116 116 90 99 84 87 80 80 0 0 97 103 120 123 131 149
21 132 132 111 126 100 139 99 171 116 116 84 93 81 84 80 80 104 104 91 106 120 123 131 137
22 129 129 126 126 115 121 99 99 116 116 90 93 84 84 71 71 104 107 91 103 120 126 131 137
23 129 129 135 135 100 127 126 129 116 125 90 105 84 93 59 80 104 104 106 106 117 117 131 134
24 117 129 126 126 100 100 99 132 116 125 93 99 84 93 80 83 104 107 91 103 114 123 131 131
25 129 129 111 126 100 127 132 138 116 116 90 90 84 93 80 83 104 104 91 106 114 123 131 131
26 117 129 126 126 100 100 99 132 116 125 93 99 84 93 80 83 104 107 91 103 114 123 128 131
27 129 129 111 114 100 100 99 147 116 125 90 93 84 84 77 80 104 104 91 106 117 123 122 131
28 129 135 111 132 100 112 99 99 116 125 96 99 84 84 71 80 92 104 103 103 120 120 137 137
29 129 135 111 111 100 100 150 150 116 125 93 99 84 84 71 71 104 104 91 91 114 120 131 131
30 126 129 111 111 127 136 129 147 116 125 90 99 84 84 71 80 92 104 91 103 120 120 122 137
31 129 135 111 132 100 112 99 99 116 125 96 99 84 84 71 80 92 104 103 103 120 120 137 137
32 117 129 126 135 127 130 126 147 116 116 90 93 84 84 80 83 104 104 106 106 117 123 131 134
33 126 129 111 111 127 136 129 147 116 125 90 99 84 84 71 80 92 104 91 103 120 120 122 137
34 129 138 111 138 100 124 129 132 116 116 90 90 84 84 71 71 92 107 91 106 123 126 131 131
35 117 129 126 135 127 130 126 147 116 116 90 93 84 84 80 83 104 104 106 106 117 123 131 134
36 126 129 111 111 127 136 129 147 116 125 90 99 84 84 71 80 92 104 91 103 120 120 122 137
37 129 129 111 126 109 115 99 153 116 125 90 90 84 90 71 80 104 104 106 106 117 117 131 134
38 132 132 117 126 106 112 138 150 116 125 90 93 84 84 80 80 104 107 103 106 114 114 131 137
39 126 129 111 111 127 136 129 147 116 125 90 99 84 84 71 80 92 104 91 103 120 120 122 137
40 117 129 111 126 112 139 120 144 116 125 93 96 87 90 80 80 104 104 106 106 117 120 134 158
41 102 129 111 111 112 118 138 141 116 116 90 99 87 90 80 83 104 107 106 106 117 117 131 146
42 132 138 111 111 106 127 120 153 116 116 96 99 90 90 80 80 104 104 100 106 120 120 134 137
43 132 132 111 111 118 139 138 159 116 116 96 96 90 90 80 80 104 107 106 106 120 120 131 134
44 117 129 111 111 100 127 99 147 116 125 90 90 84 93 80 80 104 104 103 106 117 120 131 131
45 129 129 111 126 91 91 99 126 116 116 93 93 84 93 71 71 92 104 106 106 117 120 143 155
46 129 138 111 129 112 118 141 159 116 125 93 99 84 84 80 80 104 104 103 106 117 120 134 149
47 129 132 111 111 106 127 141 141 116 125 90 99 87 90 80 83 104 107 91 106 117 126 131 137
48 129 129 117 117 112 112 99 126 116 125 84 96 84 90 71 80 104 107 106 106 117 117 131 134
49 129 129 117 117 112 112 99 126 116 125 84 96 84 90 71 80 104 107 103 106 117 117 131 134
50 129 132 111 126 106 112 138 144 125 125 90 93 87 87 71 80 104 104 106 106 117 123 131 134
51 117 117 111 126 118 124 99 123 125 125 90 90 87 87 77 80 104 104 97 106 120 120 131 137
52 126 126 111 129 124 133 99 132 116 116 87 90 84 84 80 80 104 104 91 106 120 126 122 131
53 129 132 111 129 91 127 120 147 116 125 90 93 75 90 80 80 104 104 106 106 120 120 155 158
54 126 126 111 129 124 133 99 132 116 116 87 90 84 84 80 80 104 104 91 106 120 126 122 131
55 129 129 126 126 100 118 141 156 116 116 90 93 84 84 80 80 104 107 106 106 117 120 125 137
56 129 138 111 129 112 118 147 162 116 125 93 99 84 84 80 80 104 104 103 106 117 120 134 149
57 129 129 126 126 91 124 141 141 116 116 90 93 84 84 80 80 104 104 106 106 117 123 137 143
58 126 129 126 129 94 100 141 165 110 122 81 81 69 69 68 68 92 92 94 97 105 105 122 125
59 105 129 117 117 112 112 99 126 116 125 84 96 90 90 71 80 104 107 106 106 117 117 131 134
60 117 129 111 111 106 130 129 132 116 116 87 93 84 84 80 80 104 104 97 106 114 120 131 152
61 117 117 111 126 106 118 99 144 125 125 90 93 87 87 80 80 104 104 106 106 120 123 131 134
62 126 126 111 129 124 133 99 132 116 116 87 90 84 84 80 80 104 104 91 106 120 126 122 131
63 117 126 111 129 112 124 132 150 116 116 87 99 84 84 71 80 104 104 97 106 120 126 122 155
64 123 123 108 126 121 130 93 129 116 116 87 90 84 84 80 80 101 101 88 103 117 123 119 128
65 126 126 108 123 115 124 147 153 116 116 90 90 75 84 80 80 101 101 94 103 114 117 122 128
66 126 138 108 126 109 115 144 159 116 125 93 99 84 84 80 80 101 101 100 103 114 117 131 146
67 129 132 126 126 91 118 123 126 116 116 90 93 84 87 80 80 92 104 106 106 117 120 131 143
68 126 129 126 126 94 100 141 165 116 125 90 90 84 84 80 80 92 92 94 97 105 105 122 125
69 117 129 111 126 100 106 99 144 116 125 90 93 84 84 71 80 104 104 91 106 117 123 131 134
70 126 126 111 129 124 133 99 132 116 116 87 90 84 84 80 80 104 104 91 106 120 126 122 131
71 126 126 111 129 124 133 99 132 116 116 87 90 84 84 80 80 104 104 91 106 120 126 122 131
72 126 126 111 129 124 133 99 132 116 116 87 90 84 84 80 80 104 104 91 106 120 126 122 131
73 126 126 111 129 124 133 99 132 116 116 87 90 84 84 80 80 104 104 91 106 120 126 122 131
74 129 138 111 129 112 118 147 162 116 125 93 99 84 84 80 80 104 104 103 106 117 120 134 149
75 129 138 111 129 112 118 147 162 116 125 93 99 84 84 80 80 104 104 103 106 117 120 134 149
76 129 129 111 126 100 124 123 141 116 125 93 93 84 87 80 80 104 107 103 106 117 123 131 137
77 126 129 126 126 94 100 141 165 116 125 90 90 84 84 80 80 104 104 106 109 117 117 131 134
78 129 129 111 111 106 127 138 144 116 116 90 93 84 84 77 80 104 104 91 106 120 123 131 131
79 117 129 111 117 121 121 135 144 116 125 93 93 84 84 80 86 104 107 106 106 123 123 131 131
80 117 129 111 117 121 121 135 144 116 125 93 93 84 84 80 86 101 104 103 103 120 120 128 128
81 129 129 111 111 115 118 132 150 116 116 90 93 84 84 80 80 104 107 106 106 120 126 131 131
82 102 129 111 111 103 118 123 144 116 116 93 99 84 90 80 80 104 107 103 106 117 120 134 134
83 117 129 111 117 121 121 135 144 116 125 93 93 84 84 80 86 104 107 106 106 123 123 131 131
84 129 129 111 111 115 118 132 144 116 125 96 99 87 93 80 80 95 104 97 106 117 126 134 155
85 129 129 111 111 115 118 132 150 116 116 90 93 84 84 80 80 104 107 106 106 120 126 131 131
86 102 129 111 111 103 118 123 144 116 116 93 99 84 90 80 80 104 107 106 106 117 120 134 134
87 132 138 126 138 124 133 99 99 116 125 90 93 84 84 80 80 104 107 91 106 117 126 119 131
88 129 138 111 114 100 115 123 144 116 125 90 99 84 90 71 80 92 104 106 106 117 123 131 134
89 129 138 111 114 100 115 123 144 116 125 90 99 84 90 71 80 92 104 106 106 117 123 131 134
90 117 129 111 132 106 112 138 144 116 125 90 93 90 90 80 80 92 104 106 106 114 120 137 137
91 117 129 114 126 100 124 123 144 116 125 84 99 84 84 71 80 104 104 91 106 117 117 131 134
92 117 129 111 117 121 121 135 144 116 125 93 93 84 84 80 86 104 107 106 106 123 123 131 131
93 129 138 111 114 100 115 123 144 116 125 90 99 84 90 71 80 92 104 106 106 117 123 131 134
94 129 138 111 114 100 115 123 144 116 125 90 99 84 90 71 80 92 104 106 106 117 123 131 134
95 114 126 108 129 103 109 135 141 116 125 90 93 90 90 80 80 89 101 103 103 111 117 134 134
96 126 126 108 138 103 112 141 150 113 113 87 96 78 87 77 77 101 101 94 100 111 123 128 134
97 126 126 108 108 103 115 117 141 113 113 93 96 78 78 77 77 92 101 100 103 111 117 131 134
98 129 129 111 135 115 121 117 153 116 125 90 90 84 84 71 80 104 107 106 106 117 126 131 131
99 129 141 111 111 109 118 99 138 116 125 90 99 81 81 80 83 104 107 106 106 114 117 134 149
100 117 129 126 129 112 115 99 129 116 125 93 93 84 90 71 80 104 104 91 91 120 123 131 134
101 126 126 108 108 112 115 117 129 113 122 87 93 78 81 77 77 92 104 100 103 117 123 128 131
102 129 129 111 111 115 118 99 138 116 116 84 93 84 87 71 80 104 104 106 106 120 126 131 134
103 129 129 123 129 118 130 120 120 116 125 90 93 84 84 80 83 104 104 106 106 120 126 134 134
104 126 126 108 138 103 112 141 150 113 113 87 96 78 87 77 77 101 101 94 100 111 123 128 134
105 129 129 111 138 115 121 117 153 116 125 90 90 84 84 71 80 104 107 106 106 117 126 131 131
106 129 129 111 135 115 121 117 153 116 125 90 90 84 84 71 80 104 107 106 106 117 126 131 131
107 129 141 111 111 109 118 99 138 116 125 90 99 84 84 80 83 104 107 106 106 114 117 134 149
108 117 129 126 129 112 115 99 129 116 125 93 93 84 90 71 80 104 104 91 91 120 123 131 134
109 129 129 135 135 112 124 135 150 116 125 90 93 84 87 83 83 104 110 106 106 117 120 128 131
110 129 129 111 111 115 127 120 120 116 125 90 96 84 87 71 80 104 107 106 106 123 126 131 131
111 114 126 108 111 121 121 117 117 113 113 87 90 78 81 77 77 101 101 103 103 117 117 128 128
112 117 117 111 111 0 0 0 0 116 125 96 96 87 87 80 80 107 107 103 103 117 120 0 0
113 123 132 102 102 106 127 84 117 116 125 90 93 84 90 80 86 104 104 91 106 126 126 131 134
114 129 129 111 135 115 121 117 153 116 125 90 90 84 84 71 80 104 107 106 106 117 126 131 131
115 129 135 111 129 112 118 99 165 116 116 90 90 84 84 80 80 104 104 91 106 117 117 137 137
116 117 129 126 129 0 0 0 0 116 125 93 93 0 0 0 0 104 104 91 91 0 0 0 0
117 129 135 111 129 112 118 99 165 116 116 90 90 84 84 80 80 104 104 91 106 117 117 137 137
118 129 129 111 111 115 127 120 120 116 125 90 96 84 87 71 80 104 107 106 106 123 126 131 131
119 117 129 111 114 124 124 120 120 116 116 90 93 84 87 80 80 104 104 106 106 120 120 131 131
120 117 117 0 0 0 0 0 0 116 125 96 96 87 87 80 80 107 107 103 103 117 120 0 0
121 117 129 126 126 100 100 99 132 116 125 93 99 84 93 80 83 104 107 91 103 114 123 128 131
122 138 138 123 132 124 127 147 150 116 116 90 90 84 87 80 80 104 104 106 106 117 135 134 134
123 129 141 111 111 109 118 99 138 116 125 90 99 84 84 80 83 116 125 90 99 84 84 80 83
124 117 129 126 129 112 115 99 129 116 125 93 93 84 90 71 80 104 104 91 91 120 120 131 134
125 117 129 126 129 112 115 99 129 116 125 93 93 84 90 71 80 104 104 91 91 120 123 131 134
126 117 129 111 135 115 124 117 120 116 125 96 99 84 90 71 80 104 110 106 106 117 126 131 131
127 129 129 111 111 118 118 99 150 116 125 90 99 84 84 71 80 107 107 106 106 117 120 137 152
128 129 129 111 120 118 118 102 141 116 116 93 93 84 84 80 83 104 107 103 112 111 117 131 131
129 129 129 111 129 100 103 99 138 116 116 90 90 84 90 80 80 104 104 103 106 114 126 131 131
130 129 132 111 123 100 115 138 144 116 125 90 90 84 84 80 80 104 104 103 112 117 120 131 131
131 129 138 111 111 100 124 99 141 116 125 90 99 84 87 80 80 104 110 91 91 117 117 134 137
132 129 135 111 123 100 103 99 138 116 116 90 93 84 84 80 80 104 104 97 103 120 126 131 134
133 135 135 111 132 115 115 141 144 116 116 90 93 84 87 80 80 104 107 106 112 114 114 131 131
134 129 129 111 132 100 112 93 99 116 116 90 93 84 87 80 80 104 104 103 106 114 126 131 131
135 138 138 111 111 100 100 99 144 116 116 90 93 84 84 80 80 104 107 106 106 126 126 134 134
136 129 129 111 120 118 118 102 141 116 116 93 93 84 84 80 83 104 107 103 112 111 117 131 131
137 129 129 111 129 100 106 99 138 116 116 90 90 84 90 80 80 104 104 103 106 114 126 131 131
138 129 132 111 123 100 115 138 144 116 125 90 90 84 84 80 80 104 104 103 112 117 120 131 131
139 132 135 111 111 91 100 141 144 116 116 99 99 84 84 80 89 104 107 106 112 114 114 128 131
140 129 135 111 123 0 0 99 99 116 116 90 93 84 84 80 80 104 104 97 103 120 126 131 134
141 135 135 126 135 121 133 99 99 116 116 90 90 84 90 80 80 107 110 103 109 126 126 122 134
142 129 135 111 111 100 121 120 144 116 116 90 93 84 84 80 80 104 107 103 103 120 120 131 137
143 129 129 111 132 100 112 93 99 116 116 90 93 84 87 80 80 104 104 103 106 114 126 131 131
144 129 132 111 132 112 115 144 150 116 116 93 93 84 84 80 80 104 104 103 109 111 120 131 134
145 132 132 111 123 112 115 93 138 116 116 90 90 81 81 80 83 104 110 106 112 114 117 128 131
146 129 132 111 111 115 133 129 144 116 125 90 93 84 87 80 80 104 104 106 112 117 126 131 131
147 117 129 111 111 100 118 144 144 116 116 90 102 84 87 80 80 92 104 103 112 117 117 131 131
148 129 162 126 129 94 124 129 138 116 116 90 93 84 84 80 80 104 104 103 109 117 120 131 134
149 135 135 111 132 115 115 141 144 116 116 90 93 84 87 80 80 104 107 106 112 114 114 131 131
150 129 129 111 111 106 130 141 147 116 116 90 93 84 87 83 83 104 107 106 109 123 126 134 182
151 129 129 111 132 100 112 93 99 116 116 90 93 84 87 80 80 104 104 103 106 114 126 131 131
152 135 135 132 138 100 103 138 141 116 116 90 90 84 84 80 80 101 104 103 106 117 126 131 131
153 138 138 111 126 91 91 144 147 116 116 90 93 81 87 80 83 92 104 103 109 114 114 131 131
154 129 129 111 111 91 100 93 141 116 125 90 93 84 87 80 80 104 104 103 106 120 126 131 131
155 129 129 126 135 94 103 138 141 116 116 90 90 84 84 80 80 104 104 97 106 114 117 131 137
156 129 129 120 126 103 115 126 147 116 116 90 99 84 102 80 80 104 104 103 106 117 126 131 131
157 138 138 126 129 94 100 144 144 116 116 84 93 84 90 80 83 104 104 106 106 117 117 131 131
158 132 135 111 111 106 112 120 147 116 116 90 93 84 87 80 83 104 107 106 109 123 123 131 131
159 129 129 111 126 103 103 141 144 116 116 90 90 84 84 80 80 104 107 97 112 117 117 131 137
160 132 132 117 123 112 127 93 99 116 116 90 90 84 87 83 89 104 107 106 106 120 123 131 131
161 132 141 111 132 100 100 99 144 116 116 90 93 84 87 80 80 92 104 103 109 117 126 131 131
162 132 135 111 126 100 100 114 147 116 116 90 90 84 87 83 83 104 107 103 109 0 0 131 134
163 132 132 111 120 115 121 132 141 116 116 90 96 84 87 80 80 104 107 106 112 120 126 131 131
164 141 141 111 132 100 112 120 138 116 116 90 93 84 87 80 89 104 110 97 109 117 117 131 131
165 129 129 111 111 109 115 99 138 116 116 93 96 84 84 80 80 104 107 100 109 114 126 131 134
166 129 129 111 123 109 115 99 135 116 116 90 93 84 87 80 80 92 104 100 103 114 123 131 131
167 129 135 111 132 103 103 114 114 116 116 93 99 0 0 80 80 104 104 106 109 0 0 131 131
168 129 132 114 123 112 118 99 117 116 116 90 96 87 87 83 83 104 107 97 103 117 126 134 134
169 129 129 111 123 112 121 99 132 116 116 90 93 87 87 80 89 104 107 106 112 120 123 131 131
170 129 129 111 123 103 121 99 141 116 116 90 93 84 87 80 89 92 107 106 106 120 126 131 131
171 129 135 111 111 100 130 144 147 116 125 90 90 84 87 59 80 104 104 106 112 123 126 131 134
172 102 138 111 132 100 112 120 138 116 116 90 93 84 87 80 89 104 110 97 109 117 117 131 131
173 135 138 111 111 100 100 141 141 116 116 90 90 81 87 80 80 92 104 109 109 117 123 131 131
174 129 138 111 123 118 121 99 132 116 116 90 93 87 87 80 89 104 104 103 112 117 120 131 131
175 129 129 111 111 100 100 138 138 116 116 93 93 84 90 80 80 104 107 103 109 111 123 131 131
176 129 129 120 123 91 121 99 132 116 116 93 96 84 87 80 80 104 107 106 112 114 120 122 131
177 129 129 117 123 112 124 93 99 116 116 90 90 84 87 83 89 104 107 106 106 120 123 131 131
178 129 129 111 123 103 121 99 141 116 116 90 93 84 87 80 89 92 107 106 106 120 126 131 131
179 129 129 123 126 103 115 123 150 116 116 90 90 84 84 80 80 104 104 103 103 114 126 131 134
180 129 129 111 111 100 133 99 165 116 116 90 93 84 84 80 80 107 107 97 103 114 117 131 182
181 129 132 111 123 100 103 114 141 116 116 93 96 84 87 80 80 92 104 109 109 120 126 137 173
182 129 132 111 126 94 118 93 147 116 125 90 99 84 84 80 80 104 107 103 103 120 126 131 131
183 129 135 111 132 103 103 114 150 116 116 93 99 81 90 80 80 104 104 106 109 117 126 131 131
184 129 129 111 123 112 133 129 132 116 116 90 90 84 84 80 83 104 107 106 109 114 123 131 131
185 129 129 111 123 112 121 99 132 116 116 90 93 87 87 80 89 104 107 106 112 120 123 131 131
186 129 129 111 123 103 121 99 141 116 116 90 93 84 87 80 89 92 107 106 106 120 126 131 131
187 129 129 111 126 91 91 114 138 116 116 93 93 84 90 80 80 92 104 106 112 120 120 131 134
188 129 129 111 111 100 133 99 165 116 116 90 93 84 84 80 80 107 107 97 103 114 117 131 182
189 129 129 111 111 109 115 99 138 116 116 93 96 84 84 80 80 104 107 100 109 114 126 131 134
190 129 129 111 123 109 115 99 135 116 116 90 93 84 87 80 80 92 104 100 103 114 123 131 182
191 132 135 111 129 100 115 141 141 116 116 99 105 84 84 80 80 104 107 91 106 117 117 131 131
192 138 138 111 135 100 103 138 147 116 125 93 96 84 84 80 80 104 104 103 106 126 126 128 131
193 132 132 126 138 91 112 93 147 116 116 93 93 81 87 80 80 104 104 103 106 114 114 131 134
194 138 141 111 111 103 124 93 129 116 116 90 96 87 87 80 83 104 107 103 106 111 117 131 134
195 129 129 111 111 91 100 132 132 116 116 93 93 84 87 80 80 104 104 94 106 126 126 131 131
196 135 135 111 138 103 136 123 147 116 116 90 90 84 84 80 80 104 107 106 109 114 126 131 131
197 117 129 111 132 91 115 93 99 116 116 90 93 81 87 80 80 104 107 103 103 114 120 128 131
198 129 129 111 126 100 115 141 147 116 116 90 102 84 102 80 80 104 104 94 94 117 120 128 131
199 138 141 111 111 103 124 93 129 116 116 90 96 87 87 80 83 104 107 103 106 111 117 131 134
200 135 135 111 135 100 103 138 147 116 125 93 96 84 84 80 80 104 104 103 106 126 126 128 131
201 126 129 126 135 91 112 147 147 116 116 90 93 84 87 80 80 104 104 103 106 114 114 131 134
202 129 129 111 111 91 100 132 132 116 116 93 93 84 87 80 80 104 104 94 106 126 126 131 131
203 135 159 111 132 91 127 141 141 116 116 93 102 81 81 80 80 104 104 103 106 114 126 131 131
204 129 132 111 111 115 115 144 150 116 116 90 102 84 87 80 80 104 107 103 112 114 117 131 131
205 129 129 132 132 91 91 93 99 116 116 93 93 84 87 80 80 104 104 103 106 114 120 131 134
206 129 129 111 111 91 100 132 132 116 116 93 93 81 87 80 80 104 104 94 106 126 126 131 131
207 129 129 111 132 109 112 126 135 116 116 90 90 87 87 80 80 104 107 103 106 126 126 131 134
208 135 135 111 123 91 112 141 144 116 116 90 93 84 84 80 80 92 107 106 106 117 126 134 134
209 129 135 111 135 112 130 99 120 116 116 93 93 81 81 80 80 104 110 103 109 117 126 122 131
210 129 135 111 135 112 130 99 120 116 116 93 93 84 84 80 80 104 110 103 109 117 126 122 131
211 129 171 111 138 91 124 132 135 116 116 96 102 84 87 80 80 104 104 106 106 114 120 131 137
212 129 129 111 111 100 103 138 147 116 116 90 96 81 81 83 83 104 104 106 109 120 120 131 134
213 129 135 111 135 112 130 99 120 116 116 93 93 0 0 80 80 104 110 103 109 117 126 122 131
214 129 135 111 135 112 130 99 120 116 116 93 93 84 84 80 80 104 110 103 109 117 126 122 131
215 129 135 111 135 112 130 99 120 116 116 93 93 84 84 80 80 104 110 103 109 117 126 122 131
216 129 132 111 111 100 100 117 150 116 125 90 93 84 84 80 80 104 107 106 109 123 126 131 131
217 129 135 126 135 100 115 138 141 116 116 90 90 84 84 80 80 107 110 103 112 114 114 131 131
218 129 135 111 135 112 130 99 120 116 116 93 93 84 84 80 80 104 110 103 109 117 126 122 131
219 129 135 111 135 112 130 99 120 116 116 93 93 84 84 80 80 104 110 103 109 117 126 122 131
220 129 135 111 135 112 130 99 120 116 116 93 93 84 84 80 80 104 110 103 109 117 126 122 131
221 102 129 111 132 100 115 141 144 116 116 90 90 84 87 80 80 92 104 103 109 114 126 131 131
222 129 129 111 111 100 103 138 147 116 116 90 96 84 84 83 83 104 104 106 109 120 120 131 134
223 129 132 111 132 100 103 138 138 116 125 90 93 84 84 80 80 104 107 103 106 117 126 131 131
224 129 135 111 135 112 130 99 120 116 116 93 93 84 84 80 80 104 110 103 109 117 126 122 131
225 102 129 111 132 100 115 141 144 116 116 90 90 84 87 80 80 104 104 103 109 114 126 131 131
226 102 129 111 132 100 115 141 144 116 116 90 90 84 87 80 80 104 104 103 109 114 126 131 131
227 132 138 111 123 103 130 129 138 116 125 93 93 84 84 80 80 104 104 109 109 117 126 131 134
228 129 129 111 129 100 100 111 144 116 116 93 96 87 87 80 80 104 104 103 106 117 120 131 134
229 129 129 111 111 100 100 111 144 116 116 93 96 87 87 80 80 104 104 103 106 117 120 131 134
230 129 129 111 111 100 100 111 144 116 116 93 96 87 87 80 80 104 104 103 106 117 120 131 134
231 129 129 111 111 100 100 111 144 116 116 93 96 87 87 80 80 104 104 103 106 117 120 131 134
232 129 129 111 129 100 100 111 144 116 116 93 96 87 87 80 80 104 104 103 106 117 120 131 134
233 129 129 111 129 100 100 111 144 116 116 93 96 87 87 80 80 104 104 103 106 117 120 131 134
234 129 138 111 126 115 118 141 144 116 116 90 90 84 84 80 80 104 107 103 106 114 114 131 131
235 129 129 111 129 100 100 111 144 116 116 93 96 87 87 80 80 104 104 103 106 117 120 131 134
236 129 129 111 129 100 100 111 144 116 116 93 96 87 87 80 80 104 104 103 106 117 120 131 134
237 129 129 111 129 100 100 111 144 116 116 93 96 87 87 80 80 104 104 103 106 117 120 131 134
238 129 129 111 129 97 100 111 144 116 116 93 96 87 87 80 80 104 104 103 106 117 120 131 134
239 129 129 111 129 100 100 117 144 116 116 93 96 87 87 80 80 104 104 103 106 117 120 131 134
240 129 129 111 111 109 112 126 135 116 116 90 90 87 87 80 80 104 107 103 106 126 126 131 134
241 129 135 126 129 115 118 126 147 116 116 90 93 84 87 80 80 104 104 106 109 117 123 131 131
242 132 135 111 111 103 115 114 132 116 125 90 90 84 87 80 80 92 104 103 115 111 111 140 143
243 120 168 126 126 103 103 147 156 116 116 90 96 87 90 80 80 104 104 106 109 120 120 131 131
244 132 138 111 138 106 148 138 159 116 116 93 102 84 84 80 80 104 104 106 106 117 123 131 140
245 135 138 120 123 106 112 93 114 116 125 90 93 81 84 80 80 104 104 106 112 117 117 131 134
246 126 141 129 129 103 103 141 141 116 116 93 93 84 84 80 80 92 104 106 106 114 120 131 131
247 129 135 126 129 100 112 141 159 116 125 90 93 81 84 80 83 95 104 103 106 117 120 137 140
248 132 135 111 111 103 115 114 132 116 125 90 90 84 87 80 80 92 104 103 115 111 111 140 143
249 129 135 111 111 100 112 138 147 116 116 90 93 84 87 80 80 104 107 106 109 117 120 122 131
250 138 180 120 138 100 103 135 141 116 116 90 93 84 84 80 80 104 104 106 106 114 117 131 134
251 126 129 114 129 106 124 120 138 116 116 90 90 84 87 80 86 104 110 109 112 117 120 131 131
252 126 135 126 129 94 103 120 141 116 125 90 93 84 87 80 80 104 110 106 109 114 120 131 131
253 120 120 111 111 106 106 114 123 116 116 90 90 81 81 80 80 104 104 103 109 117 117 131 131
254 117 129 111 129 112 124 123 156 116 116 90 102 87 87 80 83 92 104 106 109 117 120 140 140
255 129 135 111 111 100 112 138 147 116 116 90 93 81 84 77 80 104 107 106 109 117 120 122 131
256 135 180 120 135 100 103 135 141 116 116 90 93 84 84 80 80 104 104 106 106 114 117 131 134
257 126 129 114 129 106 124 120 138 116 116 90 90 84 87 80 86 104 110 109 112 117 120 131 131
258 126 129 114 129 106 124 120 138 110 110 81 81 69 75 68 68 104 110 109 112 117 120 131 131
259 132 141 111 129 100 130 144 147 116 116 90 90 84 84 80 80 104 107 103 112 120 126 131 131
260 117 132 111 129 112 115 144 147 116 125 93 93 81 84 80 80 104 107 106 106 117 117 122 140
261 129 132 126 126 112 118 93 141 116 116 93 93 84 84 80 83 104 107 106 109 117 123 122 131
262 135 180 120 135 100 103 135 141 116 116 90 93 84 84 80 80 104 104 106 106 114 117 131 134
263 126 129 114 129 106 124 120 138 116 116 90 90 84 87 80 86 104 110 109 112 117 120 131 131
264 126 129 111 126 94 118 123 147 116 116 90 93 84 90 80 83 104 104 106 106 117 117 134 137
265 126 129 111 126 94 118 123 147 116 116 90 93 84 90 80 83 104 104 106 106 117 117 134 137
266 117 129 111 123 112 127 129 141 116 116 93 93 84 87 80 80 104 104 109 112 120 120 140 140
267 129 129 111 111 100 115 120 123 116 116 90 96 75 84 80 80 104 104 106 106 117 117 134 134
268 126 129 111 126 94 118 123 147 116 116 90 93 84 90 80 83 104 104 106 106 117 117 134 137
269 126 129 111 126 94 118 123 147 116 116 90 93 84 90 80 83 104 104 106 106 117 117 134 137
270 126 129 111 126 94 118 123 147 116 116 90 93 84 90 80 83 104 104 106 106 117 117 134 137
271 129 129 111 129 100 112 132 138 116 116 93 96 84 87 80 80 104 104 91 103 120 120 131 140
272 126 129 111 126 94 118 123 147 116 116 90 93 84 90 80 83 104 104 106 106 117 117 134 137
273 126 129 111 126 94 118 123 147 116 116 90 93 81 90 80 83 104 104 106 106 117 117 134 137
274 129 129 111 129 100 112 132 138 116 116 93 96 84 87 80 80 104 104 91 103 120 120 131 140
275 129 129 111 135 94 94 138 147 116 125 90 93 81 84 80 80 104 107 91 106 117 120 134 140
276 126 129 111 126 94 118 123 147 116 116 90 93 81 90 80 83 104 104 106 106 117 117 134 137
277 126 129 111 126 94 118 123 147 116 116 90 93 84 90 80 83 104 104 106 106 117 117 134 137
278 129 129 111 129 100 112 132 138 116 116 93 96 84 87 80 80 104 104 91 103 120 120 131 140
279 129 135 111 129 100 124 135 141 116 116 90 93 84 90 80 80 104 107 106 112 117 123 131 131
280 129 129 129 132 100 121 123 150 116 116 93 96 84 84 77 80 92 104 106 106 114 126 131 131
281 135 135 111 111 100 103 123 123 116 116 90 93 78 81 80 80 104 107 106 112 120 120 131 134
282 135 135 111 132 100 103 123 123 116 116 90 96 75 81 80 80 104 107 106 112 120 120 131 131
283 129 135 111 129 94 100 114 150 116 125 93 93 84 84 83 83 104 104 106 106 117 123 137 140
284 129 129 111 129 94 145 135 144 116 116 90 90 84 87 80 80 104 104 106 106 123 123 137 140
285 132 138 111 132 100 103 123 150 116 116 93 96 78 84 80 80 104 104 106 106 114 114 131 134
286 132 138 111 129 103 127 120 150 116 116 93 96 78 84 80 80 104 104 106 109 120 120 134 134
287 129 135 111 111 121 124 144 159 116 116 90 93 84 84 80 80 104 107 103 106 117 126 131 131
288 129 135 111 111 121 124 144 159 116 116 90 93 84 84 80 80 104 107 106 106 117 126 131 131
289 129 135 111 132 100 103 123 150 116 116 93 96 78 84 80 80 104 104 106 106 114 114 131 134
290 129 135 111 132 100 103 123 150 116 116 93 96 78 84 80 80 104 104 106 106 114 114 131 134
291 129 135 111 111 121 124 144 159 116 116 90 93 84 84 80 80 104 107 106 106 117 126 131 131
292 129 135 111 111 121 124 144 159 116 116 90 93 84 84 80 80 104 107 106 106 117 126 131 131
293 129 129 129 135 100 121 123 150 116 116 93 96 84 84 80 80 92 104 106 106 114 126 131 131
294 129 135 111 132 100 103 123 150 116 116 93 96 78 84 80 80 104 104 106 106 114 114 131 134
295 129 129 111 129 100 121 159 159 116 116 93 93 84 90 80 80 104 104 106 106 117 126 131 131
296 129 129 129 132 100 100 135 138 116 116 93 93 84 87 80 80 104 104 109 112 114 123 131 131
297 129 132 111 129 121 121 135 153 116 116 93 93 78 87 80 80 104 107 91 109 117 117 131 131
298 129 132 111 129 121 121 135 153 116 116 93 93 78 87 80 80 104 107 91 109 117 117 131 131
299 129 132 111 132 121 121 135 153 116 116 93 93 78 87 80 80 104 107 91 109 117 117 131 131
300 129 132 111 129 121 121 135 153 116 116 93 93 75 87 80 80 104 107 91 109 117 117 131 131
301 129 132 111 129 103 121 141 153 116 116 90 93 84 87 80 80 104 107 91 109 117 117 131 131
302 132 132 111 129 106 121 141 141 116 116 93 93 84 87 80 80 104 104 91 112 111 117 131 140
303 129 132 111 129 121 121 135 153 116 116 93 93 75 87 80 80 104 107 91 109 117 117 131 131
304 132 135 111 129 121 121 135 153 116 116 93 93 78 87 80 80 104 107 91 109 117 117 131 131
305 129 132 111 129 121 121 135 153 116 116 90 93 78 87 77 80 104 107 91 109 114 117 131 131
306 129 132 111 129 121 121 135 153 116 116 93 93 78 87 80 80 104 107 91 109 117 117 131 131
307 129 132 111 129 103 121 141 153 116 116 90 93 81 87 80 80 104 107 91 109 117 117 131 131
308 129 129 111 129 100 109 93 147 116 116 90 90 84 84 80 83 92 107 103 103 117 117 131 131
309 129 132 111 129 121 121 135 153 116 116 93 93 78 87 80 80 104 107 91 109 117 117 131 131
310 129 132 111 129 121 121 135 153 116 116 93 93 75 87 80 80 104 107 91 109 117 117 131 131
311 129 132 111 129 121 121 135 153 116 116 93 93 75 87 80 80 104 107 91 109 117 117 131 131
312 129 132 111 129 121 121 135 153 116 116 93 93 78 87 80 83 104 107 91 109 117 117 131 131
313 129 132 111 129 121 121 135 153 116 116 93 93 78 87 80 80 104 107 91 109 117 117 131 131
314 129 129 126 126 118 127 135 141 116 125 90 90 81 90 80 80 104 107 106 106 120 120 125 134
315 129 132 111 129 121 121 135 153 116 116 93 93 78 87 80 80 104 107 91 109 117 117 131 131
316 129 132 111 129 121 121 135 156 116 116 93 93 78 87 80 80 104 107 91 109 117 117 131 131
317 129 132 111 129 121 121 135 153 116 116 93 93 78 87 80 80 104 107 91 109 117 117 131 131
318 129 132 111 129 121 121 135 153 116 116 93 93 78 87 80 80 104 107 91 109 117 117 131 131
319 129 132 111 129 121 121 135 153 116 116 93 93 78 87 80 80 104 107 91 109 117 117 131 131
320 129 129 123 126 100 103 135 147 116 116 93 96 84 84 80 80 107 107 106 115 111 111 122 131
321 129 129 129 132 106 106 93 153 116 116 93 96 84 87 80 80 104 104 106 106 117 120 131 140
322 129 129 129 132 106 106 93 153 116 116 93 96 84 87 80 80 104 104 106 106 117 120 131 140
323 129 129 135 135 103 115 114 132 116 116 87 90 84 90 80 80 104 104 103 109 117 117 134 134
324 129 129 129 132 106 106 93 153 116 116 93 96 84 87 80 80 104 104 106 106 117 120 131 140
325 129 129 129 132 106 106 93 153 116 116 93 96 84 87 80 80 104 104 106 106 117 117 0 0
326 126 129 117 126 103 130 114 150 116 116 90 93 84 84 80 83 104 107 106 106 117 120 131 134
327 132 141 126 129 103 139 120 150 125 125 93 93 84 84 80 80 104 104 106 106 120 120 131 140
328 126 129 123 132 100 112 138 156 116 116 90 93 84 84 80 80 104 104 91 109 120 120 131 137
329 126 129 123 135 100 115 114 132 116 116 87 90 84 90 80 80 92 104 103 112 117 120 131 131
330 126 129 111 111 100 115 120 126 116 116 90 90 84 90 80 80 104 104 109 109 111 120 131 134
331 129 135 123 135 112 115 138 159 116 116 90 96 84 84 80 80 104 107 106 109 117 117 131 131
332 126 129 0 0 100 115 114 132 116 116 87 90 84 90 80 80 92 104 103 112 117 123 131 131
333 126 129 123 135 100 115 114 132 116 116 87 90 84 90 80 80 92 104 103 112 117 120 131 131
334 126 129 123 135 100 115 114 132 116 116 87 90 84 90 80 80 92 104 103 112 117 123 131 131
335 126 129 111 135 112 121 93 138 116 125 90 90 84 84 80 80 104 104 97 97 117 120 131 131
336 126 129 111 135 112 121 93 138 116 125 90 90 84 84 80 80 104 104 97 97 117 120 131 131
337 126 132 111 138 112 121 93 138 116 125 90 90 84 84 80 80 104 104 97 97 117 120 131 131
338 126 129 111 135 112 121 93 138 116 125 90 90 84 84 80 80 104 104 97 97 117 120 131 131
339 126 129 111 135 112 121 93 138 116 125 90 90 84 84 80 80 104 104 97 97 117 120 131 131
340 117 135 114 129 106 112 99 141 116 116 90 90 84 84 80 80 104 107 106 106 117 126 131 137
341 126 129 111 135 112 121 93 138 116 125 90 90 84 84 80 80 104 104 97 97 117 120 131 131
342 126 132 111 138 112 121 93 138 116 125 90 90 84 84 80 80 104 104 97 97 117 120 131 131
343 132 132 111 114 100 103 126 129 116 116 90 93 84 84 80 80 104 107 97 106 117 120 131 131
344 129 141 126 126 109 112 117 153 116 116 90 99 84 90 80 80 104 107 106 109 111 126 134 134
345 126 129 111 135 112 121 93 138 116 125 87 90 84 84 80 80 101 104 97 97 117 120 131 131
346 126 129 126 126 94 124 117 141 116 116 90 93 84 84 80 80 92 104 100 106 117 120 137 137
347 129 141 126 126 109 112 117 153 116 116 90 99 84 90 80 80 104 107 106 109 111 126 134 134
348 126 126 111 126 106 109 126 147 116 116 93 93 84 87 80 80 104 107 103 106 114 117 134 134
349 129 132 111 132 109 112 138 153 116 116 90 93 84 87 80 80 0 0 0 0 0 0 0 0
350 132 132 111 114 100 103 126 129 116 116 90 93 84 84 80 80 104 107 97 106 117 120 131 131
351 126 135 111 126 103 106 138 141 116 116 93 96 84 90 80 80 92 107 103 109 117 120 131 134
352 126 129 126 132 112 115 141 141 116 125 93 93 84 84 80 80 107 107 91 97 117 120 131 134
353 126 135 111 126 103 106 138 141 110 116 93 96 81 87 80 80 92 107 103 109 117 120 131 134
354 132 132 111 114 100 103 126 129 116 116 90 93 84 84 80 80 104 107 97 106 117 120 131 131
355 126 138 111 126 103 106 138 141 116 116 87 93 84 90 80 80 92 107 103 109 117 120 131 134
356 126 129 126 132 112 115 141 141 116 125 93 93 84 84 80 80 107 107 91 97 117 120 131 134
357 126 135 111 126 103 106 138 141 116 116 93 96 84 90 80 80 92 107 103 109 117 120 131 134
358 132 132 111 114 100 103 126 129 116 116 90 93 84 84 80 80 104 107 97 106 117 120 131 131
359 132 132 111 114 100 103 126 129 116 116 90 93 84 84 80 80 104 107 97 106 117 120 131 131
360 105 135 111 114 100 103 126 129 116 116 90 93 84 84 80 80 104 107 97 106 117 120 131 131
361 129 135 111 120 103 124 129 138 116 116 90 96 72 90 80 80 92 104 106 109 117 120 131 131
362 129 135 111 114 112 124 102 144 116 116 93 99 84 90 80 80 92 110 91 106 108 111 131 134
363 126 129 111 126 94 103 111 138 125 125 90 93 84 96 80 80 104 104 103 106 120 120 128 185
364 126 129 126 132 112 115 141 141 116 125 93 93 84 84 80 80 107 107 91 97 117 120 131 134
365 126 132 111 120 103 124 129 138 116 116 90 96 72 90 80 80 92 104 106 109 117 120 131 131
366 120 126 117 123 100 100 126 147 116 116 87 93 84 84 80 80 104 110 106 109 111 117 131 131
367 120 126 117 129 103 124 126 141 116 116 90 99 72 93 80 80 104 104 106 109 126 126 131 131
368 120 120 111 114 88 100 144 147 116 116 93 99 84 84 80 80 104 104 97 109 120 126 131 134
369 132 135 126 129 112 112 117 144 116 116 90 99 84 84 80 92 107 107 91 97 117 117 131 131
370 129 135 111 123 103 103 111 135 116 116 90 93 81 84 65 80 104 104 91 106 117 120 131 134
371 129 138 105 111 103 103 138 141 116 116 93 96 93 96 80 80 92 107 97 109 120 120 125 131
372 120 120 102 117 88 109 132 141 116 116 90 90 81 84 80 83 104 104 106 106 117 120 131 134
373 120 126 117 123 100 100 126 147 116 116 90 93 84 84 80 80 104 110 106 109 111 117 131 131
374 132 135 126 129 112 112 117 144 116 116 90 99 84 84 80 86 107 107 91 97 117 117 131 131
375 129 138 105 111 103 103 138 141 116 116 99 99 93 96 80 80 92 107 97 109 120 120 125 131
376 132 138 105 111 94 103 138 141 116 116 99 99 93 96 80 80 92 107 97 109 120 120 125 131
377 120 126 117 123 100 100 126 147 116 116 90 93 84 84 80 80 104 110 106 109 111 117 131 131
378 129 138 105 111 103 103 138 141 116 116 99 99 93 96 80 80 92 107 97 109 120 120 125 131
379 126 138 123 129 103 103 135 144 116 116 90 93 84 87 80 80 107 110 91 109 117 126 128 131
380 132 138 105 111 94 103 138 141 116 116 99 99 93 96 80 80 92 107 97 109 120 120 125 131
381 132 135 111 126 109 124 141 141 116 125 90 93 81 90 80 80 104 104 91 91 120 126 134 134
382 126 132 111 111 103 109 120 141 116 116 90 99 84 96 68 80 104 107 109 109 120 120 131 134
383 126 129 111 117 100 109 141 141 116 116 90 90 84 93 80 80 104 110 91 97 117 126 131 131
384 126 129 129 135 112 124 144 150 116 125 93 93 84 87 80 80 104 104 109 109 120 120 131 131
385 129 135 123 129 115 118 102 138 116 116 90 93 84 87 80 86 104 104 106 109 102 120 128 131
386 126 141 111 123 106 115 135 150 116 116 90 93 84 87 80 80 92 107 106 106 117 126 131 131
387 126 129 111 117 100 109 141 141 116 116 90 90 84 93 80 80 104 110 91 97 117 126 131 131
388 126 129 129 135 112 124 144 150 116 125 93 93 84 87 80 80 104 104 109 109 120 120 131 131
389 126 126 123 123 109 112 123 135 116 116 90 93 84 84 80 80 104 110 97 106 117 117 131 134
390 129 129 114 129 100 100 99 108 116 116 90 102 84 96 80 80 104 110 106 109 120 126 131 131
391 126 141 111 123 106 115 135 150 116 116 90 93 84 87 80 80 92 107 106 106 117 126 131 131
392 135 135 126 126 100 124 126 126 116 116 90 90 84 87 80 80 104 104 91 109 111 120 134 137
393 126 129 129 135 112 124 144 150 116 125 93 93 84 87 80 80 104 104 109 109 120 120 131 131
394 129 129 123 123 109 112 123 135 116 116 90 93 84 84 80 80 104 110 97 106 117 117 131 134
395 126 135 123 126 94 103 135 138 116 116 93 93 84 87 80 92 110 113 91 109 117 117 131 131
396 129 132 114 123 94 100 108 114 116 125 90 93 84 84 80 80 107 110 97 109 126 126 131 134
397 129 135 114 126 94 100 126 153 125 125 90 90 84 93 80 86 104 107 91 106 117 126 131 131
398 129 129 111 117 103 109 135 171 116 116 90 93 84 96 80 92 104 110 97 106 111 117 134 134
399 135 135 111 126 100 106 132 150 116 116 81 90 81 84 80 83 107 107 97 106 120 123 125 131
400 129 135 123 123 112 118 123 141 116 116 93 93 81 81 80 80 104 110 91 97 117 120 131 131
401 129 132 111 129 109 115 99 138 116 116 93 93 81 81 80 80 104 107 109 109 120 126 131 131
402 126 132 111 114 94 124 93 141 116 116 90 93 81 99 80 80 104 107 91 97 117 126 131 131
403 129 135 111 114 112 124 102 144 116 116 93 99 84 90 80 80 92 110 91 106 108 111 131 134
404 129 135 111 114 112 124 102 144 116 116 93 99 84 90 80 80 92 110 91 106 108 111 131 134
405 129 135 111 114 112 124 102 144 116 116 93 99 84 90 80 80 92 110 91 106 108 111 131 134
406 129 135 111 114 112 124 102 144 116 116 93 99 84 90 80 80 92 110 91 106 108 111 131 134
407 126 129 111 126 94 103 111 138 125 125 90 93 84 96 80 80 104 104 103 106 120 120 128 185
408 126 129 111 111 82 118 90 141 113 116 93 105 75 75 77 80 107 107 106 106 120 120 131 137
409 126 129 111 111 82 118 90 141 113 116 93 105 75 75 77 80 107 107 106 106 120 120 131 137
410 129 132 111 111 121 121 93 132 116 125 90 96 87 87 80 80 104 104 106 106 111 111 119 119
411 126 132 111 111 82 121 90 153 116 116 90 93 87 87 80 80 104 104 97 106 111 111 137 137
412 129 132 111 111 121 121 93 132 116 125 90 96 87 87 80 80 104 104 106 106 111 111 119 119
413 126 129 111 111 82 118 90 141 113 116 93 105 75 75 77 80 107 107 106 106 120 120 131 137
414 126 129 111 111 82 118 90 141 113 116 93 105 75 75 77 80 107 107 106 106 120 120 131 137
415 129 132 111 111 121 121 93 132 116 125 90 96 87 87 80 80 104 104 106 106 111 111 119 119
416 129 132 111 111 121 121 93 132 116 125 90 96 87 87 80 80 104 104 106 106 111 111 119 119
417 129 132 111 111 82 118 90 141 113 116 93 105 75 75 77 80 92 107 106 106 120 120 131 134
418 129 132 111 111 82 82 90 141 113 116 93 105 75 75 77 80 92 107 106 106 120 120 131 137
419 126 129 111 111 82 118 90 141 113 116 93 105 72 72 74 80 92 107 106 106 120 120 131 137
420 129 132 111 111 82 118 90 141 113 116 93 105 75 75 77 80 92 107 106 106 120 120 131 137
421 129 129 111 111 82 118 90 90 113 116 93 105 75 75 77 80 92 107 97 106 120 120 131 137
422 129 132 111 111 121 121 93 132 116 125 90 96 87 87 80 80 104 104 106 106 111 111 119 119
423 126 129 111 111 82 118 90 141 113 116 93 105 75 75 77 80 92 107 97 106 120 120 137 137
424 126 129 111 111 82 118 90 141 113 116 93 105 75 75 77 80 92 107 106 106 120 120 131 137
425 105 132 111 111 82 118 90 141 113 116 93 105 75 75 77 80 92 107 106 106 120 120 131 137
426 116 125 90 96 87 87 80 80 129 132 111 111 121 121 93 132 104 104 106 106 111 111 119 119
427 113 116 90 105 84 84 71 74 132 138 111 111 79 91 93 132 92 107 88 106 123 126 125 125
428 113 116 93 105 75 75 74 80 126 126 111 111 82 118 90 138 92 107 106 106 120 120 131 131
429 113 116 90 105 84 84 71 74 132 138 111 111 79 91 93 132 92 107 88 106 123 126 0 0
430 113 116 93 105 75 75 74 80 126 126 111 111 82 118 90 135 92 107 106 106 120 120 131 131
431 113 116 93 105 75 75 74 80 126 126 111 111 82 118 90 135 92 107 106 106 120 120 131 131
432 116 116 90 96 87 90 80 80 129 162 111 129 118 121 147 150 104 104 106 106 111 120 119 119
433 113 116 93 105 75 75 74 80 126 126 111 111 82 118 90 138 92 107 106 106 120 120 131 131
434 116 116 90 96 87 90 80 80 129 153 111 129 118 121 147 150 104 104 106 106 111 111 119 119
435 113 116 93 105 75 75 74 80 126 126 111 111 82 118 90 135 92 107 106 106 120 120 131 131
436 105 126 111 111 82 118 90 135 113 116 93 105 75 75 77 80 92 107 106 106 120 120 131 131
437 116 116 90 96 87 90 80 80 129 165 111 129 118 121 147 150 104 104 106 106 111 111 119 119
438 116 116 90 96 87 90 80 80 129 165 111 129 118 121 147 150 104 104 106 106 111 111 119 119
439 116 116 90 96 87 90 80 80 129 165 111 129 118 121 147 150 104 104 106 106 111 111 119 119
440 116 116 90 96 87 90 80 80 129 153 111 129 118 121 147 150 104 104 106 106 111 111 119 119
441 113 116 93 105 75 75 74 80 126 126 111 111 82 118 90 135 92 107 106 106 120 120 131 131
442 116 116 90 96 87 90 80 89 129 165 111 129 118 121 147 150 104 104 106 106 111 111 119 119
443 116 116 90 96 87 90 80 80 129 165 111 129 118 121 147 150 104 104 106 106 111 111 119 119
444 116 116 90 96 87 90 68 80 129 153 111 129 118 121 147 150 104 104 106 106 111 111 119 119
445 116 116 90 96 87 90 80 80 129 153 111 129 118 121 147 150 104 104 106 106 111 111 119 119
446 126 126 111 111 82 118 90 135 113 116 93 105 75 75 77 80 92 107 106 106 120 120 131 131
447 129 129 99 111 97 118 99 159 125 125 90 96 87 87 80 80 104 107 106 106 120 120 116 170
448 132 132 99 111 97 118 99 159 125 125 90 96 87 87 80 80 104 107 106 106 120 120 116 170
449 116 125 90 93 84 87 80 80 132 165 111 129 88 91 108 150 104 107 106 106 111 120 119 131
450 116 116 93 93 84 84 80 80 135 135 111 111 118 127 123 129 104 107 106 106 111 111 131 161
451 116 125 96 96 84 87 80 80 129 165 99 126 97 121 147 147 104 104 106 106 111 120 131 134
452 116 125 90 96 87 87 80 80 129 129 111 111 91 97 120 123 104 107 106 106 111 111 119 134
453 116 125 90 93 84 87 80 80 132 165 111 129 88 91 108 150 104 107 106 106 111 120 119 131
454 116 125 90 93 84 87 80 80 132 165 111 129 88 91 108 150 104 107 106 106 111 120 119 131
455 113 116 93 105 75 75 74 80 126 126 111 111 82 118 90 132 92 107 106 106 120 120 131 131
456 125 125 93 96 87 87 80 80 138 138 111 111 100 121 150 153 104 104 106 106 111 120 161 173
457 125 125 90 96 87 87 80 80 129 129 99 111 97 118 99 159 104 107 106 106 120 120 116 170
458 113 116 93 105 75 75 74 80 126 126 111 111 82 118 90 132 92 107 106 106 120 120 131 131
459 113 116 93 105 75 75 74 80 126 126 111 111 82 118 90 138 92 107 106 106 120 120 131 131
460 113 116 93 105 75 75 74 80 126 126 111 111 82 118 90 132 92 107 106 106 120 120 131 131
461 116 125 96 96 84 87 80 80 129 165 99 129 97 121 147 147 104 104 106 106 111 120 131 134
462 116 125 90 96 87 87 80 80 129 129 111 111 91 97 120 123 104 107 106 106 111 111 119 134
463 113 116 93 105 75 75 74 80 126 126 111 111 82 118 90 138 92 107 106 106 120 120 131 131
464 113 116 93 105 75 75 74 80 126 126 111 111 82 118 90 138 92 107 106 106 120 120 131 131
465 113 116 93 105 75 75 74 80 126 126 111 111 82 118 90 138 92 107 106 106 120 120 131 131
466 126 126 111 111 82 118 90 132 113 116 93 102 75 75 74 80 92 107 106 106 120 120 131 131
467 129 132 111 111 100 118 90 150 116 125 96 96 84 87 80 80 104 104 106 106 117 120 119 134
468 129 132 111 111 100 118 93 150 116 125 96 96 84 87 80 80 104 104 106 106 117 120 119 134
469 129 129 99 123 100 118 99 150 116 116 93 96 84 84 80 80 104 107 97 106 111 117 134 134
470 132 165 111 114 115 118 93 153 116 125 90 93 81 90 80 80 104 104 106 106 111 123 116 137
471 129 138 111 129 100 115 120 135 116 125 90 93 87 90 80 80 104 107 106 106 120 123 116 161
472 132 165 111 114 115 118 93 153 116 125 90 93 81 90 80 80 104 104 106 106 111 123 116 137
473 129 129 99 123 100 118 99 150 116 116 93 96 84 84 80 80 104 107 97 106 111 117 134 134
474 102 138 111 111 91 103 93 132 116 116 93 96 84 87 80 80 104 107 106 106 111 120 134 182
475 116 125 90 96 87 87 80 80 123 165 111 129 100 121 93 108 104 104 106 106 111 120 119 134
476 129 138 111 129 100 115 0 0 116 125 90 93 87 90 80 80 104 104 106 106 120 123 116 161
477 132 132 111 114 115 118 93 153 116 125 90 93 81 90 80 80 104 104 106 106 111 123 116 137
478 102 138 111 111 91 103 93 132 116 116 93 96 84 87 80 80 104 107 106 106 111 120 134 182
479 102 138 111 111 91 103 93 132 116 116 93 96 84 87 80 80 104 107 106 106 111 120 134 182
480 102 138 111 111 91 103 93 132 116 116 93 96 84 87 80 80 104 104 106 106 111 120 134 182
481 129 132 111 129 100 115 108 120 116 125 93 99 84 90 80 80 104 104 106 106 114 120 116 134
482 129 132 111 111 100 118 93 93 116 125 96 96 84 87 80 80 104 104 106 106 117 120 119 134
483 102 138 111 111 91 103 93 132 116 116 93 96 84 87 80 80 104 107 106 106 111 120 134 182
484 129 138 111 129 100 115 0 0 116 125 90 93 87 90 80 80 104 104 106 106 120 123 116 161
485 129 165 111 111 91 118 99 159 116 116 90 93 84 84 80 80 104 104 106 106 111 120 116 170
486 105 129 111 111 91 118 90 147 113 116 93 93 75 84 77 80 92 104 106 106 111 120 134 134
487 113 116 93 93 75 84 74 80 129 129 111 111 91 118 90 147 92 104 106 106 111 120 134 134
488 105 126 111 111 82 121 90 138 113 116 93 105 75 75 77 80 92 107 106 106 120 120 131 131
489 105 129 111 111 82 121 90 138 113 116 93 105 75 75 77 80 92 107 106 106 120 120 131 131
490 129 129 111 111 82 121 90 138 113 116 93 105 75 75 77 80 92 107 106 106 120 120 131 131
491 129 129 111 111 91 118 90 147 113 116 93 93 75 84 77 80 104 104 106 106 111 120 134 134
492 129 129 111 111 91 118 90 90 113 116 93 93 75 84 77 80 104 104 106 106 111 120 134 134
493 129 129 111 111 91 118 90 147 113 116 93 93 75 84 77 80 104 104 106 106 111 120 134 134
494 126 126 111 111 82 121 90 138 113 116 93 105 75 75 77 80 107 107 106 106 120 120 131 131
495 126 126 111 111 82 121 90 138 113 116 93 105 75 75 77 80 107 107 106 106 120 120 131 131
496 126 126 111 111 82 121 90 138 113 116 93 105 75 75 77 80 107 107 106 106 120 120 131 131
497 123 126 111 129 82 118 129 147 113 125 90 93 75 87 80 80 92 104 106 106 120 120 116 116
498 113 125 90 93 75 87 80 80 123 126 111 129 82 118 129 147 92 104 106 106 120 120 116 116
499 113 116 93 93 75 84 74 80 129 129 111 111 91 118 90 147 92 104 106 106 111 120 134 134
500 113 116 93 105 75 75 74 80 126 126 111 111 82 118 90 138 92 107 106 106 120 120 131 131
501 126 126 111 111 82 121 90 138 113 116 93 105 75 75 74 80 92 107 106 106 120 120 131 131
502 113 116 93 105 75 75 74 80 126 126 111 111 82 82 90 129 92 107 106 106 120 120 131 131
503 123 126 111 129 82 118 129 147 113 125 90 93 72 84 80 80 92 104 106 106 120 120 116 116
504 113 125 90 93 75 87 80 80 123 126 111 129 82 118 129 147 92 104 106 106 120 120 116 116
505 116 116 93 93 81 84 80 80 132 132 111 129 115 118 123 153 104 107 106 106 111 120 119 119
506 116 116 93 93 84 84 80 80 132 132 111 129 115 118 123 153 104 107 106 106 111 120 119 119
507 135 135 111 129 115 118 123 153 116 116 93 93 84 84 80 80 104 107 106 106 111 120 119 119
508 135 135 111 111 106 121 93 144 116 116 99 102 87 87 80 80 92 104 103 106 117 120 131 131
509 135 135 111 111 106 121 93 144 116 116 99 102 87 87 80 80 92 104 103 106 117 120 131 131
510 138 138 123 123 115 118 135 150 116 125 93 99 84 87 80 80 104 107 97 106 111 114 131 134
511 132 138 111 123 115 115 141 150 116 116 90 93 84 87 80 80 104 107 106 106 114 117 131 134
512 132 138 111 123 115 115 141 150 116 116 90 93 84 87 80 80 104 107 106 106 114 117 131 134
513 135 138 111 123 91 91 126 126 116 116 90 99 84 84 80 80 104 107 88 88 114 117 134 134
514 135 135 111 111 106 121 93 144 116 116 99 102 87 87 80 80 92 104 103 106 117 120 131 131
515 135 135 111 111 118 118 135 135 116 116 99 99 84 84 80 80 92 104 88 88 114 114 134 134
516 138 138 123 123 115 118 135 150 116 125 93 99 84 87 80 80 104 107 97 106 111 114 131 134
517 129 129 111 126 106 109 147 147 116 116 93 93 84 87 80 83 104 107 103 106 114 117 134 134
518 129 129 111 111 130 133 144 147 116 125 93 96 84 84 80 80 104 104 103 106 126 126 119 131
519 132 132 111 129 97 97 132 144 116 116 93 93 84 87 80 80 92 107 106 106 120 126 131 131
520 129 129 111 129 97 97 132 144 116 116 93 93 84 87 80 80 92 107 106 106 120 126 131 131
521 129 129 111 114 106 124 138 156 116 116 93 99 84 87 80 80 107 107 103 106 114 114 131 134
522 132 138 111 123 115 115 141 150 116 116 90 93 84 87 80 80 104 107 106 106 114 117 131 134
523 132 150 111 111 100 103 144 144 116 116 90 90 78 87 80 83 107 107 91 106 114 117 131 137
524 126 126 111 111 130 133 144 147 116 125 93 96 84 84 80 80 104 104 103 106 126 126 119 131
525 132 132 111 129 97 97 132 144 116 116 93 93 84 87 80 80 92 107 106 106 120 126 131 131
526 132 132 111 129 97 109 132 144 116 116 93 93 84 87 80 80 92 107 106 106 120 126 131 131
527 129 129 111 126 106 109 147 147 116 116 93 93 84 87 80 80 104 107 103 106 114 117 131 134
528 0 0 0 0 0 0 0 0 116 116 90 93 84 87 80 80 104 104 103 106 114 114 119 134
529 129 135 111 111 91 118 93 126 116 116 90 99 84 90 80 80 104 104 88 97 114 126 134 134
530 132 150 111 111 100 103 144 144 116 116 90 90 78 87 80 83 107 107 91 106 114 117 131 137
531 132 135 111 111 109 109 144 144 116 125 93 93 84 87 80 83 104 107 97 106 114 114 119 125
532 135 141 111 111 91 109 144 144 116 125 93 93 84 87 80 86 92 104 97 106 114 114 125 125
533 132 135 111 111 109 109 144 144 116 125 93 93 84 87 80 83 104 107 97 106 114 114 119 125
534 129 132 120 129 109 121 141 144 116 116 90 93 84 87 80 80 107 107 109 109 114 114 134 134
535 129 129 126 129 112 121 144 153 116 116 93 96 84 87 80 83 107 107 106 109 114 114 131 134
536 132 132 111 120 109 121 141 159 116 116 93 99 78 87 68 80 104 107 97 97 117 120 119 119
537 132 135 111 111 109 109 144 144 116 116 93 93 84 87 80 83 104 107 97 106 114 114 119 125
538 135 141 111 111 91 91 144 144 116 125 93 93 84 87 80 86 92 104 97 106 114 114 125 125
539 138 138 111 126 115 124 147 147 116 116 93 93 84 84 80 80 104 107 106 106 114 126 131 134
540 126 129 120 129 109 121 141 144 116 116 90 93 84 87 80 80 107 107 109 109 114 114 134 134
541 120 123 111 126 109 112 99 162 116 116 93 96 84 87 80 80 104 107 106 106 114 120 137 152
542 132 153 111 129 100 109 120 165 116 116 90 93 84 87 80 80 104 104 106 109 114 120 119 119
543 132 132 111 120 109 121 141 159 116 116 93 99 78 87 68 80 104 107 97 97 117 120 0 0
544 123 132 111 126 103 109 141 153 116 116 93 99 84 87 80 80 104 107 106 106 120 123 131 131
545 105 132 111 114 100 103 126 129 116 116 90 93 84 84 80 80 104 107 97 106 117 120 131 131
546 132 153 111 129 100 109 120 165 116 116 90 93 84 87 80 80 104 104 106 109 114 120 119 119
547 132 132 111 120 109 121 141 159 116 116 93 99 78 87 68 80 104 107 97 97 117 120 0 0
548 117 126 111 126 100 109 99 144 116 125 90 93 84 84 80 80 104 107 91 106 111 117 131 131
549 117 126 111 126 100 109 99 141 116 125 90 93 84 84 80 80 104 107 91 106 111 117 131 131
550 126 129 126 132 112 115 141 141 116 125 93 93 84 84 80 80 107 107 91 97 117 120 131 134
551 126 132 111 120 103 124 129 138 116 116 90 96 72 90 80 80 92 104 106 109 117 120 131 131
552 126 129 111 111 91 91 147 147 116 125 93 96 84 87 80 80 104 104 103 106 114 126 134 152
553 129 132 111 123 106 121 93 135 116 116 99 99 87 87 80 80 104 107 106 106 114 126 131 131
554 132 141 111 120 115 121 141 147 116 116 93 93 87 87 68 80 107 107 97 109 117 120 119 119
555 132 135 111 114 100 109 141 147 116 116 90 90 84 87 80 80 104 107 106 106 117 126 128 128
556 117 117 105 108 79 79 141 147 116 116 93 99 84 84 80 83 104 104 97 109 120 126 131 134
557 129 132 111 123 103 109 138 144 116 116 84 90 87 111 80 80 104 107 106 106 114 129 125 131
558 129 132 111 123 103 109 138 144 116 116 84 90 87 111 80 80 104 107 106 106 114 129 125 131
559 123 123 111 114 88 100 144 147 116 116 93 99 84 84 80 83 104 104 97 109 120 126 131 134
560 123 123 111 114 88 100 144 147 116 116 93 99 84 84 80 83 104 104 97 109 120 126 131 134
561 123 123 111 114 88 100 144 147 116 116 93 99 84 84 80 83 104 104 97 109 120 126 131 134
562 123 123 111 114 88 100 144 147 116 116 93 99 84 84 80 83 104 104 97 109 120 126 131 134
563 123 123 111 114 88 100 144 147 116 116 93 99 84 84 80 83 104 104 97 109 120 126 131 134
564 120 120 111 114 88 88 144 147 116 116 93 99 84 84 80 83 104 104 97 109 120 126 131 134
565 120 120 111 114 88 100 144 147 116 116 93 99 84 84 80 83 104 104 97 109 120 126 131 134
566 129 132 111 123 103 109 138 144 116 116 84 90 87 111 80 80 104 107 106 106 114 129 125 131
567 129 138 111 126 112 124 144 150 116 116 93 99 84 87 80 80 104 104 97 106 114 117 122 134
568 120 120 111 114 88 100 144 147 116 116 93 99 84 84 80 83 104 104 97 109 120 126 131 134
569 120 120 111 114 88 100 144 147 116 116 93 99 84 84 80 83 104 104 97 109 120 126 131 134
570 129 132 111 123 103 109 138 144 116 116 84 90 87 111 80 80 104 107 106 106 114 129 125 131
571 132 150 111 111 127 127 150 150 116 116 90 93 84 87 71 80 104 107 103 103 117 117 131 131
572 132 132 111 111 112 112 144 150 116 116 90 90 84 90 80 80 107 107 106 106 114 117 131 131
573 129 129 111 111 100 109 120 138 116 125 93 99 84 84 80 83 104 107 106 106 117 126 131 134
574 138 141 111 123 124 124 135 156 116 125 90 99 84 90 71 80 0 0 106 106 114 114 131 131
575 138 138 111 123 106 109 138 153 116 125 93 99 84 84 80 80 104 104 97 106 114 126 131 131
576 132 138 111 111 100 121 99 144 116 116 93 99 78 87 80 83 104 107 97 97 120 126 134 137
577 132 132 111 123 109 109 144 147 116 125 93 93 87 99 68 80 104 104 106 106 117 117 131 134
578 126 141 111 123 106 115 135 150 116 116 90 93 84 87 80 80 92 107 106 106 117 126 131 131
579 126 129 111 117 100 109 141 141 116 116 90 90 84 93 80 80 104 110 91 97 117 126 131 131
580 126 129 129 135 112 124 144 150 116 125 93 93 84 87 80 80 104 104 109 109 120 120 131 131
581 126 126 123 123 109 112 123 135 116 116 90 93 84 84 80 80 104 110 97 106 117 117 131 134
582 132 138 111 123 91 109 135 165 116 116 90 93 84 87 80 80 92 107 106 106 111 120 131 131
583 120 132 111 117 109 130 135 141 116 116 90 93 84 84 80 80 107 107 103 106 117 120 131 134
584 129 129 114 129 100 100 99 108 116 116 90 102 84 96 80 80 104 110 106 109 120 126 131 131
585 126 141 111 123 106 115 135 150 116 116 90 93 84 87 80 80 92 107 106 106 117 126 131 131
586 135 135 126 126 100 124 126 126 116 116 90 90 84 87 80 80 104 104 91 109 111 120 134 137
587 129 132 111 129 91 109 144 147 116 116 90 90 87 87 80 92 104 107 97 106 114 120 131 137
588 126 126 123 123 109 112 123 135 116 116 90 93 84 84 80 80 104 110 97 106 117 117 131 134
589 132 132 126 129 88 97 147 147 116 125 90 90 84 87 80 83 92 107 106 109 114 123 134 134
590 138 153 111 111 109 130 141 156 116 116 93 99 87 87 80 80 107 107 106 106 114 117 131 143
591 138 138 123 123 103 109 129 144 116 125 93 93 84 87 80 83 104 104 97 109 120 120 131 131
592 150 150 111 129 91 109 144 147 116 116 90 90 87 87 80 92 104 107 97 106 114 120 131 137
593 129 135 114 126 94 100 126 153 125 125 90 90 84 93 80 86 104 107 91 106 117 126 131 131
594 129 129 111 117 103 109 135 171 116 116 90 93 84 96 80 92 104 110 97 106 111 117 134 134
595 126 135 123 126 94 103 135 138 116 116 93 93 84 87 80 92 110 113 91 109 117 117 131 131
596 129 132 111 129 97 100 132 147 116 125 90 99 84 87 80 83 92 104 103 106 114 123 131 131
597 138 153 111 111 109 130 141 156 116 116 93 99 87 87 80 80 107 107 106 106 114 117 131 143
598 129 129 111 114 109 115 126 156 116 116 90 99 84 84 80 80 107 107 106 106 114 117 119 134
599 132 150 111 123 121 124 147 147 116 116 90 99 84 87 80 80 104 107 106 109 111 120 131 134
600 138 138 111 111 103 115 144 150 116 116 90 102 84 90 80 80 104 107 106 106 114 120 131 134
601 132 132 111 114 109 115 126 126 116 116 90 99 84 84 80 80 107 107 106 106 114 117 119 134
602 132 141 111 120 115 121 141 147 116 116 93 93 87 87 68 80 107 107 97 109 117 120 119 119
603 129 132 111 123 106 121 93 135 116 116 99 99 87 87 80 80 104 107 106 106 114 126 131 131
604 150 150 111 123 97 121 141 150 116 116 93 99 87 87 80 83 92 104 97 109 120 123 131 152
605 135 138 111 123 106 118 153 156 116 116 90 99 87 90 80 80 107 107 88 106 114 120 134 137
606 141 153 111 111 106 121 150 150 116 116 90 99 87 90 68 80 104 107 97 106 114 117 137 155
607 150 150 111 123 91 112 99 147 116 116 93 99 84 84 71 80 104 107 106 106 114 120 131 134
608 132 132 123 123 109 121 138 147 116 116 87 93 84 87 83 83 107 110 97 109 117 120 131 134
609 123 150 111 111 91 103 93 150 125 125 96 102 84 84 80 89 104 107 97 106 114 126 131 188
610 150 150 123 129 100 112 141 147 116 116 93 99 84 84 80 83 104 107 106 109 111 114 131 131
611 153 153 111 123 97 121 141 150 116 116 93 99 87 87 80 83 92 104 97 109 120 123 131 152
612 129 132 111 114 100 109 141 147 116 116 90 90 81 87 80 80 104 107 106 106 117 126 128 176
613 129 150 111 111 91 115 135 144 116 125 90 93 84 84 80 89 104 107 97 106 114 126 134 140
614 129 135 111 111 100 103 129 141 116 116 93 102 84 84 80 80 104 107 106 106 114 126 134 134
615 129 135 123 129 97 106 138 147 116 116 93 93 84 84 80 80 92 107 106 106 114 123 134 134
616 138 150 111 111 106 121 150 156 116 116 90 99 87 90 68 80 104 107 97 106 114 117 137 155
617 147 147 123 129 100 112 141 147 116 116 93 99 84 84 80 83 104 107 106 109 111 114 131 131
618 135 150 111 111 127 139 141 147 116 116 90 93 87 87 71 80 104 104 97 109 117 126 131 131
619 135 135 111 111 109 109 123 156 116 125 90 99 87 87 80 83 107 107 106 109 114 114 137 155
620 129 147 111 111 91 115 135 144 116 125 90 93 84 84 80 89 104 107 97 106 114 126 134 140
621 129 171 123 129 109 127 138 147 116 116 87 99 84 87 80 83 92 104 106 109 117 126 134 134
622 126 168 123 126 115 124 132 165 116 116 99 102 84 87 80 80 104 104 106 106 111 114 131 131
623 135 138 111 123 106 136 99 156 116 125 90 99 84 90 80 83 107 107 88 106 114 126 131 134
624 102 135 111 123 97 109 138 141 116 116 90 99 84 87 80 83 107 110 97 109 117 123 134 152
625 135 135 111 123 97 112 141 147 116 116 90 93 84 84 80 80 92 107 106 106 117 123 134 152
626 120 141 111 129 115 118 129 150 116 125 90 90 84 87 80 80 107 110 103 106 120 120 134 146
627 126 129 111 126 127 130 153 153 116 116 90 90 84 87 71 80 104 104 91 106 114 123 137 140
628 129 129 111 111 91 124 135 156 116 116 90 90 72 90 80 80 104 107 88 106 123 126 131 131
629 126 132 126 138 121 130 150 159 116 116 90 93 84 84 80 86 104 104 106 106 117 120 113 113
630 129 129 111 123 100 121 147 156 116 116 93 93 84 84 71 71 104 104 106 106 117 117 131 131
631 126 138 111 111 103 121 123 153 116 125 90 93 84 87 80 80 104 107 91 103 117 126 131 131
632 126 126 111 111 103 130 144 147 116 116 90 90 84 84 71 80 104 104 103 103 120 126 122 137
633 138 138 111 132 94 124 147 150 116 116 90 90 72 84 80 80 104 104 103 106 117 117 131 134
634 114 132 111 123 121 124 117 144 116 116 90 90 84 87 80 80 104 104 91 106 117 123 131 137
635 129 129 111 111 91 124 135 156 116 116 90 90 72 90 80 80 104 107 88 106 123 126 131 131
636 126 132 126 138 121 130 150 159 116 116 90 93 84 84 80 86 104 104 106 106 117 120 134 158
637 129 129 111 123 100 121 147 156 116 116 93 93 84 84 71 71 104 104 106 106 117 117 131 131
638 129 129 111 123 100 121 147 156 116 116 93 93 84 84 71 71 104 104 106 106 117 117 131 131
639 126 126 111 111 103 130 144 147 116 116 90 90 84 84 71 80 104 104 103 103 120 126 122 137
640 138 138 111 132 94 124 147 150 116 116 90 90 72 84 80 80 104 104 103 106 117 117 131 134
641 114 132 111 123 121 124 117 144 116 116 90 90 84 87 80 80 104 104 91 106 117 123 131 137
642 126 129 111 135 91 115 132 147 116 116 90 90 84 84 80 80 104 104 91 106 117 120 131 134
643 126 132 126 138 121 130 147 159 116 116 90 93 84 84 80 86 104 104 106 106 117 120 134 158
644 129 129 111 123 100 121 147 156 116 116 93 93 84 84 71 71 104 104 106 106 117 117 131 131
645 129 129 111 123 100 121 147 156 116 116 93 93 84 84 71 71 104 104 106 106 117 117 131 131
646 126 126 111 111 103 130 144 147 116 116 90 90 84 84 71 80 104 104 103 103 120 126 122 137
647 126 138 111 114 100 118 126 153 116 116 90 90 84 87 80 80 104 104 103 103 117 126 131 134
648 126 138 111 120 115 118 120 153 116 116 90 93 84 93 80 83 104 104 106 106 117 117 131 137
649 129 138 111 111 91 94 144 156 116 116 90 90 84 90 80 80 104 104 106 109 117 126 131 134
650 132 153 135 135 94 124 120 153 116 116 90 90 84 84 80 80 104 104 91 103 117 123 131 131
651 129 129 111 123 100 121 150 156 116 116 93 93 84 84 71 71 104 104 106 106 117 117 131 131
652 129 129 111 123 100 121 150 156 116 116 93 93 84 84 71 71 104 104 106 106 117 117 131 131
653 126 126 111 111 103 130 144 147 116 116 90 90 84 84 71 80 104 104 103 103 120 126 122 137
654 132 132 126 132 100 121 141 153 116 116 90 90 84 84 80 80 104 104 106 106 120 120 131 131
655 138 138 132 135 100 115 141 156 116 116 90 90 84 84 71 80 104 107 88 106 114 120 137 137
656 129 138 111 111 121 124 123 162 116 116 90 90 84 102 80 80 104 104 106 106 117 117 137 146
657 129 141 111 120 121 130 138 159 116 116 90 90 84 93 74 80 104 104 91 103 117 123 134 137
658 129 129 111 123 109 121 120 150 116 125 90 93 78 84 80 80 104 104 103 106 117 123 137 158
659 138 138 123 132 124 127 147 150 116 116 90 90 84 87 80 80 104 104 106 106 117 135 134 134
660 129 138 111 111 124 124 144 156 116 125 90 93 84 84 71 80 104 104 103 106 117 120 134 134
661 129 135 132 138 100 115 135 141 116 116 90 90 84 84 80 80 104 104 106 106 114 120 131 131
662 117 129 126 132 124 133 129 156 116 116 90 90 78 84 71 80 104 104 106 106 117 117 131 137
663 129 129 126 132 124 124 129 129 116 116 90 90 78 84 71 80 104 104 106 106 117 117 131 131
664 126 129 111 111 109 130 147 150 116 116 90 90 84 84 80 80 104 104 91 103 117 120 131 137
665 138 138 111 120 127 130 144 153 116 116 90 93 84 84 80 80 104 104 91 106 117 117 131 131
666 138 138 123 132 124 127 147 150 116 116 90 90 84 87 80 80 104 104 106 106 117 135 134 134
667 126 132 132 135 100 115 135 141 116 116 90 90 84 84 80 80 104 104 106 106 114 120 131 131
668 126 132 132 135 100 115 135 141 116 116 90 90 84 84 80 80 104 104 106 106 114 120 131 131
669 129 132 117 135 115 130 150 150 125 125 90 96 84 90 80 80 104 104 103 106 126 126 128 134
670 117 129 126 132 124 133 129 156 116 116 90 90 78 84 71 80 104 104 106 106 117 117 131 137
671 129 138 132 138 115 115 144 156 116 116 90 90 84 84 80 80 104 107 91 106 114 114 131 131
672 138 141 111 120 94 124 132 138 116 116 90 99 84 87 80 80 104 104 106 106 120 123 131 134
673 117 126 111 129 94 118 135 150 116 116 90 93 84 84 80 80 104 104 106 106 114 117 131 134
674 126 132 132 135 100 115 135 141 116 116 90 90 84 84 80 80 104 104 106 106 114 120 131 131
675 126 132 132 135 100 115 135 141 116 116 90 90 84 84 80 80 104 104 106 106 114 120 131 131
676 117 129 126 132 124 133 129 156 116 116 90 90 78 84 71 80 104 104 106 106 117 117 131 137
677 117 129 126 132 124 133 129 159 116 116 90 90 78 84 71 80 104 104 106 106 117 117 131 137
678 129 132 120 126 94 127 120 147 116 116 90 93 84 84 80 80 104 104 106 106 117 123 122 134
679 132 138 111 135 127 130 132 141 116 116 90 93 84 84 80 80 104 107 106 106 117 117 122 131
680 138 138 123 132 124 127 147 150 116 116 90 90 81 84 80 80 104 104 106 106 117 135 134 134
681 129 129 132 135 124 127 126 135 116 116 90 93 81 81 80 80 104 107 106 106 117 120 131 131
682 129 141 111 120 91 118 150 153 116 116 90 90 84 84 80 80 104 104 106 106 120 120 131 134
683 126 129 111 111 118 124 99 153 116 116 90 93 84 84 80 80 104 104 103 109 120 123 131 131
684 114 129 123 123 94 118 126 144 116 116 87 90 81 84 80 80 104 104 103 106 114 117 131 131
685 108 126 111 126 118 121 135 138 116 116 90 99 84 87 74 80 104 104 91 106 117 120 131 137
686 138 138 111 123 124 127 153 153 116 116 90 90 84 87 80 80 104 104 106 109 123 123 131 131
687 126 129 111 111 124 127 153 156 116 125 90 93 84 84 80 80 104 104 103 106 123 123 134 140
688 129 138 132 135 94 121 132 150 116 116 90 96 84 87 80 83 92 104 106 106 117 120 131 152
689 129 132 123 138 109 130 126 144 116 116 90 93 84 87 80 80 104 104 106 106 123 126 122 131
690 126 129 111 111 118 124 99 153 116 116 90 93 84 84 80 80 104 104 103 109 120 123 131 131
691 129 132 111 111 115 121 141 150 116 116 90 90 84 84 71 80 104 104 103 106 114 120 134 149
692 129 129 123 135 109 118 141 144 116 116 90 90 84 96 80 80 104 104 106 106 117 126 131 134
693 117 129 126 135 118 124 138 150 116 116 90 93 84 84 80 83 104 104 103 106 120 123 131 131
694 138 141 120 135 91 121 129 132 116 125 90 90 84 84 80 80 104 104 106 106 117 117 122 131
695 126 126 117 129 115 121 120 162 116 116 90 90 87 93 80 83 104 104 91 106 117 117 131 185
696 126 126 117 129 115 121 120 162 116 116 90 90 87 93 80 83 104 104 91 106 117 117 131 185
697 129 129 126 132 100 103 129 162 116 116 93 93 84 84 80 80 104 107 103 106 117 117 131 140
698 129 129 111 132 115 127 126 141 116 116 90 90 84 84 71 80 104 107 106 106 120 120 131 149
699 129 129 123 135 109 118 141 144 116 116 90 90 84 96 80 80 104 104 106 106 117 126 131 134
700 117 129 126 135 118 124 138 150 116 116 90 93 84 84 80 83 104 104 103 106 120 123 131 131
701 132 132 111 117 100 121 150 153 116 116 90 93 84 84 71 80 104 107 91 106 120 123 134 137
702 129 138 111 111 91 130 141 156 116 116 90 90 84 93 80 80 104 104 103 106 117 117 131 134
703 129 129 111 120 100 124 135 144 116 116 90 93 72 84 80 86 104 104 106 106 123 123 128 146
704 123 153 111 111 91 121 150 153 116 116 90 90 84 93 80 80 104 104 97 103 117 126 134 146
705 129 129 111 132 115 127 126 141 116 116 90 90 84 84 71 80 104 107 106 106 120 120 131 149
706 132 141 111 111 121 130 153 153 116 116 90 90 84 108 80 80 92 104 103 106 105 117 128 131
707 126 129 111 123 112 112 99 129 116 116 90 93 78 84 80 80 104 104 103 106 123 126 137 146
708 129 132 111 111 124 127 111 123 116 116 90 90 84 84 80 80 104 104 106 106 114 123 131 146
709 129 135 111 114 115 130 138 150 116 116 90 93 84 84 71 80 104 104 106 106 117 117 137 158
710 141 156 111 111 109 127 120 144 116 116 90 90 84 84 80 80 104 104 103 106 105 123 131 131
711 129 141 111 132 112 124 138 147 116 116 90 93 84 84 77 80 92 104 91 103 117 123 134 146
712 129 132 111 111 100 112 129 135 116 125 90 93 78 81 80 80 104 104 106 109 117 126 146 158
713 135 144 111 126 91 121 150 153 116 116 90 90 84 84 80 80 104 104 106 106 120 120 131 131
714 132 141 111 111 121 130 153 153 116 116 90 90 84 108 80 80 92 104 103 106 105 117 128 131
715 129 141 111 132 112 124 138 147 116 116 90 93 84 84 77 80 92 104 91 103 117 123 134 146
716 132 144 120 135 124 133 147 156 116 125 90 96 84 84 80 80 95 104 91 106 114 126 131 134
717 129 132 123 135 100 130 99 99 116 116 93 93 84 90 80 80 104 104 103 103 117 117 134 146
718 132 132 129 129 100 130 120 132 116 116 90 90 84 87 80 80 104 104 106 106 117 117 131 158
719 132 132 111 123 100 130 135 144 116 116 90 90 84 84 80 80 104 104 103 106 117 120 131 149
720 132 132 111 120 94 106 123 132 116 116 90 93 84 87 80 80 104 104 106 109 117 117 131 131
721 129 132 123 135 100 130 99 99 116 116 93 93 84 90 80 80 104 104 103 103 117 117 134 146
722 129 129 111 132 100 121 156 156 116 116 90 90 84 84 71 80 104 104 91 106 117 126 131 131
723 132 132 111 123 100 121 120 159 116 116 90 99 84 87 71 80 104 104 106 106 117 126 131 137
724 129 129 111 132 100 121 156 156 116 116 90 90 84 84 71 80 104 104 91 106 117 126 131 131
725 129 141 111 135 94 118 123 132 116 116 90 90 84 84 80 80 104 107 106 106 117 126 131 134
726 132 132 111 126 91 127 120 147 116 116 93 93 84 84 80 83 104 104 106 106 117 123 131 134
727 129 129 123 138 109 112 99 123 116 125 90 90 84 84 77 80 104 104 106 106 114 120 131 137
728 129 129 111 123 100 121 120 120 116 116 90 99 84 87 71 80 104 104 106 106 117 126 131 137
729 120 135 111 111 106 109 153 153 116 116 87 90 84 102 80 80 104 104 106 109 117 120 131 134
730 126 141 111 111 121 127 99 147 116 116 90 90 84 87 80 80 104 104 103 106 120 123 128 140
731 129 129 135 135 124 127 147 153 116 125 90 90 84 84 80 80 92 104 106 106 117 123 122 146
732 150 150 111 123 121 127 150 153 116 125 90 93 84 84 80 80 104 104 106 106 117 117 122 134
733 129 129 111 132 100 121 156 156 116 116 90 90 81 81 71 80 104 104 91 106 117 126 131 131
734 126 126 111 111 130 130 99 153 116 116 90 93 78 87 80 80 104 104 91 106 114 120 131 131
735 126 132 111 138 118 121 147 153 116 116 90 93 84 87 71 80 104 104 103 106 117 120 131 131
736 129 132 111 111 118 121 120 144 116 125 90 90 72 84 80 80 104 107 88 106 117 120 131 131
737 135 144 111 111 130 130 99 153 116 116 90 99 84 87 71 80 104 104 103 106 114 120 137 137
738 144 144 111 123 91 121 120 120 116 116 93 99 84 84 80 80 104 104 106 106 126 126 131 158
739 126 126 111 111 124 130 99 153 116 116 90 93 78 87 80 80 104 104 91 106 114 120 131 131
740 123 129 111 135 118 121 150 153 116 116 90 93 84 87 71 80 104 104 103 106 117 120 131 131
741 129 141 111 111 124 130 135 159 116 116 93 93 84 84 80 80 104 104 106 106 117 123 131 134
742 120 129 111 111 103 127 111 120 116 116 90 90 84 87 80 80 107 113 106 109 117 123 131 134
743 129 129 111 111 91 127 111 120 116 116 90 102 84 87 80 80 92 104 103 106 114 114 131 134
744 126 132 111 114 100 103 144 180 116 116 93 93 87 87 80 83 107 107 106 109 117 117 125 131
745 126 129 111 114 100 124 117 141 116 116 90 93 87 108 80 80 104 107 103 106 117 126 131 131
746 129 135 111 111 97 100 138 138 116 116 90 90 84 84 80 86 104 104 106 109 117 120 131 131
747 108 141 111 132 109 136 141 150 116 116 90 93 84 87 80 80 104 104 91 106 114 120 131 134
748 126 129 111 111 100 127 99 138 125 125 90 93 87 87 80 80 104 107 103 106 120 120 131 137
749 129 129 111 129 103 112 132 147 116 125 90 93 84 87 80 83 107 107 97 109 120 126 131 176
750 126 132 111 114 100 103 144 180 116 116 93 93 87 87 80 83 107 107 106 109 117 117 125 131
751 129 135 111 111 97 100 138 138 116 116 90 90 84 84 80 86 104 104 106 109 117 120 131 131
752 108 141 111 132 109 136 141 150 116 116 90 93 84 87 80 116 104 104 91 106 114 120 131 134
753 129 132 111 111 100 127 99 138 125 125 90 93 87 87 80 80 104 107 103 106 120 120 131 137
754 132 132 111 111 91 127 111 120 116 116 90 102 84 84 80 80 92 104 103 106 114 114 131 134
755 135 135 120 129 91 130 117 147 116 116 90 93 84 105 80 80 107 107 100 106 117 120 131 131
756 120 132 111 126 112 139 144 153 116 116 90 90 93 96 80 80 104 104 106 109 117 120 134 134
757 132 132 111 111 103 139 111 138 116 116 90 93 84 87 80 83 107 107 106 106 117 123 131 131
758 129 132 111 111 100 127 99 138 125 125 90 93 87 87 80 80 104 107 103 106 120 120 131 137
759 123 138 111 123 124 127 120 138 116 116 90 93 84 87 80 80 104 113 106 109 117 126 134 167
760 129 135 111 123 100 130 114 150 125 128 90 93 84 87 80 80 107 107 106 109 111 120 131 143
761 120 132 111 126 112 139 144 153 116 116 90 90 93 96 80 80 104 104 106 109 117 120 134 134
762 123 135 111 117 100 115 117 144 116 116 90 90 84 90 71 80 107 107 91 106 117 126 131 137
763 126 126 111 111 91 100 138 144 116 116 93 93 84 84 80 80 104 104 91 106 126 126 125 131
764 126 129 123 123 100 103 141 144 116 125 87 90 84 87 80 80 104 107 91 106 108 120 131 137
765 132 138 111 111 100 112 93 141 116 116 90 93 84 90 80 80 104 107 106 106 126 126 131 131
766 126 135 111 111 121 124 141 195 116 116 90 93 84 84 80 80 92 107 91 109 120 123 131 137
767 129 135 111 111 115 121 102 144 116 125 87 90 84 90 80 80 104 107 106 109 117 117 125 131
768 126 129 129 129 130 133 135 153 116 125 90 93 84 87 80 83 107 107 91 109 120 126 131 131
769 129 129 111 111 106 112 111 138 116 125 87 90 84 105 80 80 107 107 91 106 123 126 131 134
770 123 129 111 111 109 112 126 141 116 125 93 93 84 84 80 80 104 104 106 109 120 120 131 134
771 114 129 111 111 109 112 126 141 116 125 93 93 84 84 80 80 104 104 106 109 120 120 131 134
772 126 135 111 111 121 124 138 138 116 116 90 93 84 84 80 80 92 107 91 109 120 123 131 137
773 132 132 111 126 100 100 99 105 116 116 90 93 84 93 80 80 104 113 106 106 120 120 134 158
774 129 159 111 111 121 124 99 135 116 116 90 93 84 84 80 80 92 107 103 109 117 120 131 134
775 129 135 111 111 103 121 117 141 116 116 90 90 84 99 80 80 104 110 91 106 126 126 131 131
776 123 129 111 111 109 112 126 141 116 125 93 93 84 84 80 80 104 104 106 109 120 120 131 134
777 126 132 111 111 109 112 126 141 116 125 93 93 84 84 80 80 104 104 106 109 117 120 131 134
778 129 138 111 111 121 124 141 195 116 116 90 93 84 84 80 80 92 107 91 109 120 123 131 137
779 123 129 111 111 115 118 111 156 116 116 90 93 84 87 80 80 104 104 106 109 120 120 131 134
780 126 132 111 111 115 121 102 144 116 125 87 90 84 90 80 80 104 107 106 109 117 117 125 131
781 129 129 111 129 103 109 138 141 116 116 87 93 84 84 68 80 104 107 97 109 117 120 131 131
782 117 129 111 123 100 133 126 195 116 125 93 93 84 87 80 80 92 107 106 109 126 126 131 131
783 123 129 111 111 109 112 126 141 116 125 93 93 84 84 80 80 104 104 106 109 120 120 131 134
784 132 132 111 111 100 127 120 147 116 116 87 90 84 87 80 80 107 107 100 106 117 123 122 131
785 129 132 111 126 97 103 144 144 116 116 93 93 87 87 80 80 107 107 91 106 117 120 137 164
786 132 135 111 123 103 103 117 144 116 116 90 93 84 84 80 80 107 113 91 106 120 120 131 170
787 129 138 111 126 100 106 132 144 116 116 87 90 87 90 80 80 104 107 109 109 126 126 131 137
788 132 165 123 123 100 106 126 141 116 125 90 90 84 87 80 80 107 107 106 106 117 117 131 134
789 129 132 111 126 97 103 144 144 116 116 93 93 87 87 80 80 107 107 91 106 117 120 137 164
790 132 141 111 111 103 136 111 141 116 116 90 90 84 87 80 80 107 107 109 109 117 126 131 131
791 132 135 111 123 103 103 117 144 116 116 90 93 84 84 80 80 107 113 91 106 120 120 131 170
792 132 135 111 111 97 133 111 135 116 125 90 105 84 84 80 83 107 107 106 106 117 117 131 134
793 123 132 111 129 109 115 138 144 116 125 90 93 87 87 80 80 107 107 97 106 126 126 131 134
794 132 132 111 111 100 127 120 147 116 116 87 90 84 87 80 80 107 107 100 106 117 123 122 131
795 129 132 111 126 97 103 144 144 116 116 93 93 87 87 80 80 107 107 91 106 117 120 137 164
796 132 135 111 123 103 103 117 144 116 116 90 93 84 84 80 80 107 113 91 106 120 120 131 170
797 132 135 111 111 97 133 111 135 116 125 90 105 84 84 80 83 107 107 106 106 117 117 131 134
798 132 132 111 111 97 103 132 141 116 125 90 90 84 84 80 80 104 107 91 106 117 123 131 134
799 135 135 111 126 103 127 129 138 116 116 90 93 84 87 80 80 104 107 106 106 114 120 137 152
800 129 135 111 111 112 121 114 135 116 125 93 93 84 90 80 80 104 107 91 91 117 120 131 152
801 132 135 111 123 103 103 117 144 116 116 90 93 84 84 80 80 107 113 91 106 120 120 131 170
802 132 153 120 126 100 124 138 153 116 116 90 93 84 87 80 80 104 107 106 106 117 120 131 134
803 111 138 111 111 79 130 99 135 116 116 99 105 87 87 71 80 92 107 106 106 117 117 134 134
804 132 135 111 111 100 124 99 150 116 116 90 93 87 108 80 80 92 107 106 106 117 120 131 134
805 132 132 111 129 100 103 114 144 116 125 90 96 84 90 80 80 104 104 106 109 117 126 122 131
806 129 132 111 111 109 118 120 150 116 116 87 90 84 84 80 80 107 107 106 106 114 120 131 131
807 132 138 111 111 100 121 99 120 116 125 87 93 84 90 80 80 104 107 91 106 120 126 131 137
808 132 135 111 111 121 127 135 138 116 116 93 93 84 87 80 80 104 107 91 106 108 129 131 134
809 132 138 111 123 103 127 138 153 116 116 90 93 84 84 80 80 104 107 94 106 114 123 137 137
810 135 138 111 132 103 133 150 150 116 116 90 93 87 87 80 80 104 107 106 106 120 120 134 158
811 132 138 111 111 100 121 99 120 116 125 87 93 84 90 80 80 104 107 91 106 120 126 131 137
812 132 132 111 111 121 133 144 156 116 125 93 93 84 87 80 80 107 107 106 106 120 126 131 134
813 132 138 111 114 100 103 126 138 125 125 87 93 87 96 80 80 104 107 106 109 117 117 131 131
814 132 132 123 123 106 121 111 111 116 125 90 99 84 87 80 80 104 107 91 106 117 120 134 176
815 138 138 111 111 79 130 99 135 116 116 99 105 87 87 80 80 92 107 106 106 117 117 134 134
816 132 132 111 111 121 133 144 156 116 125 93 93 84 87 80 80 107 107 106 106 120 126 131 134
817 132 132 111 117 88 103 129 138 116 125 90 93 84 87 80 83 107 107 106 109 108 126 131 140
818 138 138 111 111 79 130 99 135 116 116 99 105 87 87 80 80 92 107 106 106 117 117 134 170
819 132 138 111 111 103 136 111 129 116 116 90 93 87 87 80 80 0 0 106 106 117 126 131 134
820 138 138 111 111 97 130 138 147 116 125 87 93 84 87 80 80 107 107 106 106 114 123 131 188
821 135 138 111 126 127 130 141 147 116 116 90 93 87 87 80 80 104 104 106 106 117 120 131 188
822 138 138 111 111 97 130 138 147 116 116 93 93 84 87 80 80 107 107 106 106 114 123 131 188
823 132 135 111 126 94 109 126 141 125 125 87 93 87 87 80 80 104 107 97 109 120 123 131 131
824 132 135 111 111 112 121 117 159 116 125 87 93 84 87 80 80 104 107 106 106 126 126 131 134
825 138 138 111 111 97 130 138 147 116 125 87 93 84 87 80 80 107 107 106 106 114 123 131 188
826 138 138 111 111 97 130 138 147 116 125 87 93 84 87 80 80 107 107 106 106 114 123 131 185
827 138 138 111 111 97 130 138 147 116 125 87 93 84 87 80 80 107 107 106 106 114 123 131 185
828 138 138 111 111 97 130 138 147 116 125 87 93 84 87 80 80 107 107 106 106 114 123 131 185
829 138 138 111 111 97 130 138 147 116 125 87 93 84 87 80 80 107 107 106 106 114 123 131 185
830 132 135 111 126 94 109 126 141 116 116 90 93 87 87 80 80 104 107 97 109 120 123 131 131
831 138 138 111 126 127 130 141 147 125 125 87 93 87 87 80 80 104 104 106 106 117 120 131 185
832 138 138 111 111 97 130 138 147 116 125 87 93 84 87 80 80 107 107 106 106 114 123 131 185
833 138 138 111 111 97 130 138 147 116 125 87 93 84 87 80 80 107 107 106 106 114 123 131 185
834 138 138 111 111 97 130 138 147 116 125 87 93 84 87 80 80 107 107 106 106 114 123 131 185
835 138 138 111 111 97 130 138 147 116 125 87 93 84 87 80 80 107 107 106 106 114 123 131 185
836 132 135 111 126 94 109 126 141 116 116 90 93 87 87 80 80 104 107 97 109 120 123 131 131
837 138 138 111 111 97 130 138 147 116 125 87 93 84 87 80 80 107 107 106 106 114 123 131 131
838 138 138 111 111 97 130 138 147 116 125 87 93 84 87 80 80 107 107 106 106 114 123 131 185
839 138 138 111 126 127 130 141 147 125 125 87 93 87 87 80 80 104 104 106 106 117 120 131 176
840 138 138 111 111 97 130 138 147 116 125 87 93 84 87 80 80 107 107 106 106 114 123 131 185
841 138 138 111 111 97 130 138 147 116 125 87 93 84 87 80 80 107 107 106 106 114 123 131 185
842 132 135 111 126 94 109 126 141 116 116 90 93 87 87 80 80 104 107 97 109 120 123 131 131
843 126 135 111 111 100 121 138 162 116 125 90 93 87 87 80 80 92 107 103 106 120 120 131 131
844 129 141 111 111 100 103 126 141 116 125 87 93 84 87 71 80 92 104 100 106 114 120 131 131
845 132 135 111 117 118 133 144 198 116 116 93 93 81 84 80 116 107 107 91 106 126 132 131 131
846 120 138 111 111 115 115 147 150 116 125 90 90 84 87 80 80 104 107 91 106 117 120 131 131
847 132 138 111 129 100 118 111 141 125 125 90 93 81 84 80 80 107 110 97 97 117 126 131 131
848 132 138 111 123 112 127 120 141 116 125 90 93 87 105 80 83 104 107 91 106 117 120 131 131
849 120 141 111 117 115 121 93 144 116 125 90 93 84 87 80 80 107 107 97 106 120 120 125 131
850 105 132 111 111 100 130 153 159 116 125 93 96 84 84 80 80 92 104 91 106 117 126 131 173
851 117 132 111 111 103 130 114 120 116 125 93 93 84 84 80 80 104 107 106 109 120 126 131 131
852 117 129 111 111 106 115 102 147 116 125 90 93 84 87 80 80 92 107 91 106 120 123 131 131
853 117 132 111 111 124 130 141 141 116 125 93 93 84 90 80 80 107 107 106 106 117 120 131 134
854 129 132 111 111 103 124 123 141 116 125 96 102 78 105 80 83 107 113 91 109 123 126 125 131
855 132 135 111 111 127 127 126 126 116 125 90 96 81 87 80 80 104 107 97 97 120 126 131 131
856 132 132 108 111 112 112 144 150 125 125 93 93 84 87 80 80 104 107 106 106 120 120 131 131
857 117 132 111 111 103 130 114 120 116 125 93 93 84 84 80 80 104 107 106 109 120 126 131 131
858 129 135 111 111 100 133 111 162 116 125 90 93 87 87 80 80 104 107 106 106 120 120 131 176
859 135 135 111 126 100 115 147 198 116 116 90 90 84 87 80 80 92 104 91 106 126 126 131 134
860 132 132 111 117 106 115 120 138 116 116 90 93 84 84 80 80 107 107 91 106 117 120 131 131
861 132 135 111 111 100 127 123 162 116 116 90 90 84 87 80 80 107 107 100 109 117 126 131 131
862 132 132 108 111 112 112 144 150 125 125 93 93 84 87 80 80 104 107 106 106 120 120 131 131
863 132 132 111 111 100 127 144 165 116 125 90 90 87 87 80 80 104 107 106 109 114 120 131 131
864 126 132 111 126 103 103 99 129 116 125 90 93 81 93 80 80 104 104 97 100 120 120 131 134
865 135 135 111 126 100 115 147 198 116 116 90 90 84 87 80 80 92 104 91 106 126 126 131 134
866 132 135 111 120 109 112 120 153 116 116 84 93 87 108 80 80 104 107 106 109 126 126 131 134
867 138 138 111 111 100 118 138 144 116 116 93 93 84 84 80 80 104 104 106 106 117 117 131 131
868 135 138 111 123 100 109 111 120 116 116 90 93 81 87 80 80 107 107 106 109 123 126 131 182
869 132 138 111 114 115 124 144 147 116 125 87 96 84 87 80 80 104 107 97 109 120 126 128 131
870 129 132 111 126 106 127 138 138 116 116 90 105 84 87 80 80 104 107 91 91 120 126 131 131
871 129 132 111 126 106 127 138 138 116 116 90 105 84 87 80 80 104 107 91 91 120 126 131 131
872 129 129 111 120 100 112 141 144 116 125 90 96 84 87 80 80 92 104 106 109 120 123 131 131
873 132 135 111 120 109 112 120 153 116 116 84 93 87 108 80 80 104 107 106 109 126 126 131 134
874 132 132 111 138 103 112 138 147 116 125 90 93 84 96 80 80 107 107 106 109 120 126 134 158
875 138 138 111 111 100 118 138 144 116 116 93 93 84 84 80 80 104 104 106 106 117 117 131 131
876 132 135 111 129 88 100 114 150 116 116 90 93 84 87 80 80 92 107 106 106 117 120 128 131
877 138 141 111 111 91 115 102 126 116 125 87 93 75 84 80 80 104 107 106 106 117 117 128 170
878 129 132 111 123 124 127 111 120 116 116 90 93 84 87 80 80 104 107 106 106 120 123 116 131
879 132 132 111 138 103 112 138 147 116 125 90 93 84 96 80 80 107 107 106 109 120 126 134 158
880 132 138 111 114 115 124 114 147 116 125 90 93 84 87 80 80 104 107 106 106 120 120 131 131
881 132 135 111 120 109 112 120 153 116 116 84 93 87 108 80 80 104 107 106 109 126 126 131 134
882 138 138 111 111 100 118 138 144 116 116 93 93 84 84 80 80 104 104 106 106 117 117 131 131
883 138 138 111 126 97 100 111 126 116 125 90 93 84 84 80 80 107 110 103 109 117 117 125 131
884 132 138 111 114 115 124 144 147 116 125 87 96 84 87 80 80 104 107 97 109 120 126 128 131
885 129 132 114 126 124 127 114 138 116 116 90 105 84 87 80 80 104 104 91 106 120 126 131 131
886 129 132 111 126 106 127 138 138 116 116 90 105 84 87 80 80 104 107 91 91 120 126 131 131
887 132 132 111 126 103 109 111 162 116 116 90 93 84 84 80 80 104 104 106 106 117 129 131 134
888 132 132 111 126 112 112 141 144 116 125 90 90 84 87 80 80 92 107 106 109 126 126 131 134
889 129 132 111 111 100 112 99 117 116 116 90 93 84 84 80 83 104 104 91 106 117 126 131 131
890 138 138 111 126 97 100 111 126 116 125 90 93 84 84 80 80 107 110 103 109 117 117 125 131
891 126 132 111 111 103 103 102 138 116 116 93 93 84 84 68 80 92 104 100 106 117 120 134 176
892 132 132 111 129 103 115 135 138 116 116 87 90 84 84 80 80 104 107 91 106 120 120 131 131
893 132 132 111 129 103 115 135 138 116 116 87 90 84 84 80 80 104 107 91 106 120 120 131 131
894 132 135 111 111 115 133 141 141 116 125 93 96 87 90 71 80 104 104 106 106 126 126 131 134
895 135 138 111 111 112 124 138 141 116 116 90 96 84 108 80 83 104 107 106 106 120 126 131 131
896 132 138 111 111 100 103 117 141 116 116 90 93 87 93 80 80 92 104 97 106 114 117 131 131
897 129 132 111 111 103 121 138 147 116 116 90 90 69 84 80 80 107 113 91 106 120 120 131 131
898 129 138 111 111 100 109 135 147 116 116 93 93 87 93 80 80 104 107 91 106 117 117 131 131
899 117 132 108 111 115 133 117 135 116 125 93 96 84 87 80 80 104 107 91 109 120 126 131 131
900 132 132 111 117 103 124 114 132 116 125 90 93 78 84 80 83 107 110 106 106 120 120 128 131
901 132 132 111 117 103 124 114 132 116 125 90 93 78 84 80 83 107 110 106 106 120 120 128 131
902 135 138 111 111 112 124 138 141 116 116 90 96 84 108 80 83 104 107 106 106 120 126 131 131
903 129 132 111 111 91 124 99 111 116 116 90 90 84 84 80 86 104 104 103 106 114 123 131 134
904 123 168 111 111 100 112 144 144 116 116 93 96 84 87 80 80 104 107 106 112 114 120 131 131
905 117 132 108 111 115 133 117 135 116 125 93 96 84 87 80 80 104 107 91 109 120 126 131 131
906 129 132 111 111 115 127 99 135 125 125 93 93 84 96 80 80 92 104 91 106 120 120 131 131
907 129 132 111 111 118 118 141 141 116 125 87 90 84 87 80 80 104 107 106 109 105 120 131 134
908 132 132 111 111 100 115 114 138 116 125 93 93 84 90 80 80 104 107 97 106 117 126 131 131
909 129 132 111 111 103 127 144 159 116 125 93 93 84 87 80 80 92 107 100 109 120 120 131 134
910 129 132 111 111 103 127 144 159 116 125 93 93 84 87 80 80 92 107 100 109 120 120 131 134
911 129 132 111 111 103 127 144 159 116 125 93 93 84 87 80 80 92 107 100 109 120 120 131 134
912 129 138 111 111 100 115 138 150 116 116 87 102 87 87 80 80 107 107 106 109 126 132 131 131
913 132 135 111 111 100 103 132 150 116 125 93 96 84 90 80 80 98 104 106 106 126 126 131 131
914 120 129 111 126 115 136 111 153 116 116 90 90 84 87 80 89 104 107 100 106 117 117 134 155
915 129 132 111 111 118 118 141 201 116 125 87 90 84 87 80 80 104 107 106 109 105 120 131 134
916 135 138 111 111 112 124 138 141 116 116 90 96 84 108 80 83 104 107 106 106 120 126 131 131
917 129 135 111 120 100 133 141 150 116 116 90 90 84 84 80 80 104 107 100 106 120 120 113 152
918 117 129 108 111 115 133 135 138 116 125 93 96 84 87 80 80 104 107 91 109 120 126 131 131
919 132 132 111 111 115 127 99 135 125 125 93 93 84 96 80 80 92 104 91 106 120 120 131 131
920 132 135 111 111 100 103 132 150 116 125 93 96 84 90 80 80 98 104 106 106 126 126 131 131
921 129 132 111 111 118 118 141 141 116 125 87 90 84 87 80 80 104 107 106 109 105 120 131 134
922 132 132 111 111 100 115 114 138 116 125 93 93 84 90 80 80 104 107 97 106 117 126 131 131
923 135 135 111 111 100 127 129 141 116 116 90 102 84 84 80 80 104 107 106 106 114 126 131 131
924 135 135 111 111 100 127 129 141 116 125 90 102 84 84 80 80 104 107 106 106 114 126 131 131
925 132 132 111 111 109 124 135 159 116 125 93 96 81 87 80 80 104 104 106 106 120 120 131 131
926 129 132 111 129 91 130 147 147 116 125 93 96 84 90 80 80 92 104 91 106 114 120 131 134
927 132 132 111 111 103 124 132 153 116 116 90 90 84 87 80 80 104 107 91 106 120 120 131 131
928 129 132 111 129 100 130 99 108 116 125 90 102 84 87 80 80 104 104 103 106 114 120 131 131
929 135 135 111 111 100 127 129 141 116 125 90 102 84 84 80 80 104 107 106 106 114 126 131 131
930 129 132 111 111 100 103 138 153 116 125 90 93 84 90 80 83 104 104 97 106 120 120 122 122
931 129 132 111 141 106 130 123 141 125 125 90 90 84 84 80 83 104 107 91 97 117 120 131 131
932 129 129 111 132 100 130 138 138 116 116 90 102 84 84 80 80 104 104 91 106 114 117 131 131
933 120 129 129 132 130 139 99 99 116 116 93 102 84 84 80 80 104 107 103 106 114 114 131 134
934 132 132 111 114 100 109 144 153 116 116 93 102 84 90 80 80 104 107 106 109 120 120 134 134
935 132 135 111 111 100 121 138 144 116 125 93 93 84 84 68 80 107 107 97 106 120 120 128 137
936 132 132 111 111 109 124 135 159 116 125 93 96 81 87 80 80 104 104 106 106 120 120 131 131
937 129 132 111 141 106 130 123 141 125 125 90 90 84 84 80 83 104 107 91 97 117 120 131 131
938 132 132 111 117 103 121 138 141 116 125 93 96 84 87 80 83 104 107 91 106 117 117 131 137
939 120 129 126 129 130 139 99 99 116 116 93 102 84 84 80 80 104 107 103 106 114 114 131 134
940 135 135 111 111 100 127 129 141 116 125 90 102 84 84 80 80 104 107 106 106 114 126 131 131
941 129 132 111 111 109 136 123 153 116 116 93 93 84 84 80 80 104 107 91 109 117 117 131 137
942 132 132 111 111 109 124 135 159 116 125 93 96 81 87 80 80 104 104 106 106 120 120 131 131
943 132 132 111 111 109 124 135 159 116 125 93 96 81 87 80 80 104 104 106 106 120 120 131 131
944 132 135 111 126 100 112 126 135 116 125 90 96 87 87 80 80 104 107 106 109 120 126 128 131
945 120 129 126 129 130 139 99 99 116 116 93 102 84 84 80 80 104 107 103 106 114 114 131 134
946 129 129 111 132 109 124 99 135 116 125 90 96 84 87 80 80 104 104 100 106 105 126 131 131
947 129 129 111 132 109 124 99 135 116 125 90 96 84 87 80 80 104 104 100 106 105 126 131 131
948 132 138 111 126 103 118 114 123 116 125 90 93 87 87 80 80 104 107 97 106 120 123 131 155
949 129 135 129 132 106 124 114 135 125 125 90 96 84 87 80 80 104 104 100 106 120 126 131 134
950 135 138 111 129 100 127 138 141 125 125 90 96 87 87 80 80 92 104 106 106 120 126 131 134
951 129 132 111 111 109 130 102 126 116 116 90 93 72 93 80 80 104 107 106 106 126 126 134 137
952 132 132 111 126 121 133 93 111 116 116 90 93 84 87 80 80 107 107 106 109 114 114 122 131
953 135 138 111 129 106 127 114 138 116 125 93 96 87 87 80 83 104 104 106 106 120 120 131 134
954 135 138 111 129 106 127 114 138 116 125 93 96 87 87 80 83 104 104 106 106 120 120 131 134
955 129 171 111 111 112 121 102 117 116 125 90 96 84 84 80 80 104 104 91 97 129 129 131 134
956 129 129 111 132 109 124 99 135 116 125 90 96 84 87 80 80 104 104 100 106 105 126 131 131
957 132 141 111 111 109 124 135 156 116 125 87 93 84 87 80 80 104 107 106 106 120 123 134 143
958 120 129 111 126 100 100 141 144 116 125 90 90 87 87 80 80 104 107 91 109 117 120 131 134
959 132 132 123 123 106 121 135 147 125 125 90 93 84 93 80 80 92 104 91 106 117 117 131 131
960 129 129 111 132 109 124 99 135 116 125 90 96 84 87 80 80 104 104 100 106 105 126 131 131
961 129 129 111 132 109 124 99 135 116 125 90 96 84 87 80 80 104 104 100 106 105 126 131 131
962 132 138 111 126 103 127 114 123 116 125 90 93 87 87 80 80 104 107 97 106 120 123 131 155
963 129 129 111 132 109 124 99 135 116 125 90 96 84 87 80 80 104 104 100 106 105 126 131 131
964 129 129 111 111 109 124 108 132 116 125 90 93 78 84 80 80 104 107 91 109 117 126 131 134
965 129 129 111 111 109 124 108 132 116 125 90 93 78 84 80 80 104 107 91 109 117 126 131 134
966 120 138 111 126 121 121 135 144 125 125 90 90 84 84 80 80 107 107 91 109 117 120 131 131
967 129 129 111 132 109 127 99 135 116 125 90 96 84 87 80 80 104 104 100 106 105 126 131 131
968 129 129 111 132 109 124 99 135 116 125 90 96 84 87 80 80 104 104 100 106 105 126 131 131
969 129 129 111 132 109 124 99 135 116 125 90 96 84 87 80 80 104 104 100 106 105 126 131 131
970 129 129 111 132 109 124 99 135 116 125 90 96 84 87 80 80 104 104 100 106 105 126 131 131
971 135 138 111 111 118 127 114 123 116 125 93 96 87 87 80 80 104 104 106 109 120 123 131 134
972 129 129 111 111 109 124 108 132 116 125 90 93 78 84 80 80 104 107 91 109 117 126 131 134
973 132 132 111 111 100 133 141 147 116 122 90 93 84 87 80 80 104 107 106 109 120 120 134 161
974 129 132 111 111 100 127 135 141 116 116 93 93 84 87 80 80 104 107 100 106 120 126 134 137
975 126 126 111 111 100 103 141 144 116 125 93 93 84 84 80 80 104 107 100 106 117 123 131 137
976 120 123 99 99 88 94 99 138 116 116 90 93 81 84 80 80 95 95 79 79 108 114 125 131
977 126 132 111 111 91 103 108 141 116 125 93 93 84 87 80 80 104 110 100 109 120 123 131 131
978 129 132 111 120 103 115 108 141 116 125 93 93 84 87 80 80 104 107 109 109 120 123 134 134
979 129 129 111 120 91 103 108 141 116 125 90 93 84 87 68 80 104 110 103 109 120 123 131 134
980 126 129 111 111 100 112 111 132 116 116 90 93 87 87 80 80 104 107 94 106 120 120 131 131
981 129 132 111 111 100 118 93 150 116 125 96 96 84 87 80 80 104 104 106 106 117 120 119 134
982 129 129 99 123 100 118 99 150 119 119 96 99 84 84 83 83 104 107 97 106 111 117 134 134
983 129 132 111 120 103 115 108 141 116 125 93 93 84 87 80 80 104 107 109 109 120 123 134 134
984 129 132 111 120 103 115 108 141 116 125 93 93 84 87 80 80 104 107 109 109 120 123 134 134
985 132 165 111 114 115 118 93 153 116 125 90 93 81 90 80 80 104 104 106 106 111 123 116 137
986 126 132 111 111 100 112 111 129 116 116 90 93 87 87 80 80 104 107 94 106 120 120 131 131
987 126 126 111 111 100 103 141 144 116 125 93 93 66 84 80 80 104 107 100 106 117 123 131 137
988 129 138 111 129 100 115 120 135 116 125 90 93 87 90 80 80 104 104 106 106 120 123 116 161
989 126 129 111 129 112 121 105 138 116 125 90 96 81 87 80 80 104 110 100 106 120 129 134 146
990 129 129 111 111 91 121 132 144 116 116 84 90 84 84 80 83 104 107 97 109 117 120 131 131
991 111 129 111 111 91 121 132 144 116 116 84 90 84 84 80 83 104 107 97 109 117 120 131 131
992 132 135 111 111 103 118 141 144 116 125 81 93 81 84 80 80 104 110 91 109 120 120 131 137
993 126 132 111 126 112 121 105 138 116 125 90 96 84 84 80 80 104 110 100 106 120 129 134 146
994 111 132 111 111 112 127 111 141 110 116 93 93 84 105 80 80 107 107 91 100 108 120 131 131
995 129 129 111 111 91 121 132 132 116 116 84 90 84 84 83 83 104 107 97 109 117 120 131 131
996 111 132 111 111 112 115 123 141 116 125 93 93 84 84 80 80 107 107 100 106 120 120 131 131
997 129 132 111 111 103 118 138 144 119 128 81 93 81 84 80 80 104 110 81 109 120 120 131 137
998 126 129 111 129 112 121 105 138 116 125 90 96 84 87 80 80 104 110 100 106 120 129 134 146
999 132 165 111 114 115 118 93 153 116 125 90 93 81 90 80 80 104 104 106 106 111 123 116 137
1000 129 129 111 111 91 121 132 144 116 116 84 90 84 84 80 83 104 107 97 109 117 120 131 131
1001 129 129 111 111 91 121 132 144 116 116 84 90 84 84 80 83 104 107 97 109 117 120 131 131
1002 132 141 111 129 100 115 120 135 116 125 93 93 87 90 80 80 104 104 106 106 120 123 116 161
1003 129 132 111 111 103 118 141 144 116 125 81 93 81 84 80 80 104 110 91 109 120 120 131 137
1004 126 129 111 129 112 121 105 138 116 125 90 96 84 87 80 80 92 104 100 106 120 129 134 146
1005 129 132 111 111 91 124 141 144 116 116 90 93 84 84 80 83 104 107 97 109 120 120 131 131
1006 129 129 111 111 91 121 132 144 116 116 84 90 84 84 80 83 104 107 97 109 117 120 131 131
1007 132 132 111 111 112 115 123 141 116 125 93 93 84 84 80 80 107 107 100 106 120 120 131 131
1008 126 126 111 114 97 112 99 141 116 116 93 93 87 90 71 80 107 110 91 109 120 120 131 131
1009 129 132 111 111 100 118 0 0 116 125 96 96 84 87 80 80 104 104 106 106 117 120 119 134
1010 129 138 123 144 112 115 129 156 116 116 90 96 81 87 80 80 92 107 106 109 120 120 131 134
1011 129 135 111 123 115 115 114 141 116 116 87 90 84 87 80 80 104 107 106 109 120 120 134 137
1012 129 135 111 123 115 115 114 141 116 116 87 90 84 87 80 80 104 107 106 109 120 120 134 137
1013 129 135 111 123 115 115 114 141 116 116 87 90 84 87 80 80 104 107 106 109 120 120 134 137
1014 126 126 105 111 112 124 102 141 125 125 93 93 84 84 80 80 104 107 106 106 120 120 131 131
1015 129 135 111 123 115 115 114 141 116 116 87 90 84 87 80 80 104 107 106 109 120 120 134 137
1016 129 135 111 123 115 115 114 141 116 116 87 90 84 87 80 80 104 107 106 109 120 120 134 137
1017 129 135 111 123 115 115 114 141 116 116 87 90 84 87 80 80 104 107 106 109 120 120 134 137
1018 126 132 111 144 100 112 135 144 116 125 90 93 84 84 80 80 104 107 97 97 120 120 131 131
1019 129 129 111 114 100 115 135 156 116 125 90 93 84 87 80 83 107 107 91 91 126 126 122 131
1020 129 135 111 123 115 115 114 141 116 116 87 90 84 87 80 80 104 107 106 109 120 120 134 137
1021 126 126 105 111 112 124 102 141 125 125 93 93 84 84 80 80 104 107 106 106 120 120 131 131
1022 129 135 111 123 115 115 114 141 116 116 87 90 84 87 80 80 104 107 106 109 120 120 137 137
1023 129 162 111 111 91 118 99 159 116 116 90 93 84 84 80 80 104 104 106 106 111 120 116 170
1024 129 129 111 111 91 118 90 147 113 116 93 93 75 84 77 80 92 104 106 106 111 120 134 134
1025 129 129 111 111 91 118 90 147 113 116 93 93 75 84 77 80 92 104 106 106 111 120 134 134
1026 129 129 111 111 91 118 90 147 113 116 93 93 75 84 77 80 92 104 106 106 111 120 134 134
1027 126 126 111 111 82 121 90 138 113 116 93 105 75 75 77 80 92 107 106 106 120 120 131 131
1028 123 126 111 117 100 115 123 147 116 125 90 93 84 87 80 80 107 107 106 109 117 117 131 131
1029 126 129 111 135 100 136 129 135 116 125 93 93 84 102 80 80 104 104 91 109 120 120 131 137
1030 126 126 111 117 109 118 93 141 116 125 84 93 84 87 80 80 107 110 109 109 117 126 128 140
1031 129 129 111 111 97 124 99 156 116 116 90 99 84 87 80 80 107 110 100 106 120 120 119 134
1032 126 126 111 111 103 121 138 141 116 125 90 96 84 84 80 80 104 104 100 106 117 120 122 131
1033 129 129 111 111 106 112 132 144 116 116 93 96 84 84 80 80 104 107 106 109 117 120 131 131
1034 126 129 111 111 103 130 135 144 116 116 93 93 84 84 80 80 104 107 106 109 120 126 137 161
1035 126 126 111 111 82 121 90 138 113 116 93 105 75 75 77 80 92 107 106 106 120 120 131 131
1036 126 126 111 111 82 121 90 138 113 116 93 105 75 75 77 80 92 107 106 106 120 120 131 131
1037 132 132 111 111 109 124 111 147 116 125 90 93 84 90 80 80 104 107 106 106 120 120 134 140
1038 126 126 111 117 109 118 93 141 116 125 84 93 84 87 80 80 107 110 106 109 117 126 128 140
1039 129 129 111 111 100 115 141 159 125 125 90 90 90 90 80 83 104 104 106 106 117 120 134 137
1040 126 126 111 117 109 118 93 141 116 125 84 93 84 87 80 80 107 110 109 109 117 126 128 140
1041 123 126 111 129 82 118 129 147 113 125 90 93 75 87 80 80 92 104 106 106 120 120 116 116
1042 129 129 111 111 82 118 90 141 113 116 93 105 75 75 77 80 92 107 106 106 120 120 137 137
1043 129 129 117 117 103 118 144 159 116 116 93 93 84 84 80 80 104 107 106 106 117 120 131 131
1044 129 138 111 111 100 115 141 153 116 125 84 93 90 105 80 80 107 110 106 106 120 120 131 134
1045 129 135 111 132 112 115 132 147 116 116 93 93 84 84 80 80 104 107 109 109 117 120 140 170
1046 126 132 111 111 103 112 123 150 113 116 93 93 81 87 80 83 104 110 103 109 120 126 134 134
1047 129 129 111 111 109 133 141 168 116 125 96 96 84 87 80 80 104 107 91 106 120 120 131 131
1048 129 135 111 114 109 118 132 147 116 116 93 96 84 84 80 80 92 107 106 109 123 132 137 137
1049 129 132 111 111 121 121 93 132 116 125 90 96 87 87 80 80 104 104 106 106 111 111 119 119
1050 126 132 111 111 82 121 90 153 116 116 90 93 87 87 80 80 92 104 106 106 111 111 137 137
1051 129 132 111 111 121 121 93 132 116 125 90 96 87 87 80 80 104 104 106 106 111 111 119 119
1052 129 129 111 111 82 118 90 141 113 116 93 105 75 75 77 80 92 107 106 106 120 120 137 137
1053 129 129 111 111 82 118 90 141 113 116 93 105 75 75 77 80 92 107 106 106 120 120 137 137
1054 129 132 111 111 121 121 93 132 116 125 90 96 87 87 80 80 104 104 106 106 111 111 119 119
1055 117 126 111 117 118 124 129 141 125 125 93 96 84 90 80 80 104 110 97 106 117 120 131 131
1056 126 129 114 120 100 118 111 129 116 116 93 93 84 93 80 80 107 110 106 106 111 120 131 131
1057 117 129 111 111 103 115 99 111 113 125 90 93 84 87 80 80 104 107 106 106 117 120 131 137
1058 126 129 111 120 106 115 129 162 116 125 90 90 84 87 80 80 107 107 106 106 108 117 134 167
1059 126 129 108 111 109 115 132 153 116 116 96 99 84 87 80 80 92 104 97 106 123 132 128 137
1060 126 129 123 123 94 133 138 150 116 125 96 111 84 87 80 89 104 107 91 109 120 126 131 131
