127 12 0
Gene_1
Gene_6
Gene_7
Gene_11
Gene_AE
Gene_AM
Gene_R
Gene_AC
Gene_44
Gene_49
Gene_50
Gene_55
1 129 129 126 126 100 100 99 132 116 116 90 99 84 84 83 83 104 104 103 106 114 123 131 131
2 132 132 129 138 100 127 126 129 116 116 90 93 84 87 80 80 104 104 106 106 117 117 131 134
3 132 132 129 138 100 127 126 129 116 116 90 93 84 87 80 80 95 104 106 106 117 117 131 134
4 126 129 111 111 103 127 99 132 116 116 90 99 84 90 80 80 104 104 91 91 117 120 131 131
5 129 129 111 126 115 127 99 120 116 116 93 93 84 84 71 80 104 104 103 106 123 123 131 134
6 129 129 126 135 127 127 120 129 116 116 93 93 84 84 80 80 104 104 103 106 120 120 131 131
7 129 129 129 135 100 127 126 129 116 116 90 93 84 87 80 80 104 104 106 106 117 117 131 134
8 129 129 129 135 100 127 126 129 116 116 90 93 84 87 80 83 104 104 106 106 117 117 131 134
9 129 135 120 126 124 127 120 153 116 116 90 93 84 84 80 83 104 107 103 103 117 117 131 152
10 117 129 126 126 100 100 99 132 116 125 93 99 84 93 80 83 104 107 91 103 114 123 128 131
11 129 129 111 126 121 127 132 153 116 116 90 90 84 93 80 116 104 104 91 106 114 120 131 131
12 129 129 111 111 100 127 99 117 116 125 93 93 84 87 71 80 104 104 103 106 120 120 131 131
13 129 129 111 132 112 127 120 144 116 116 90 93 84 84 71 83 104 107 91 103 117 117 131 131
14 126 126 126 132 97 124 117 123 113 113 87 90 78 81 77 80 101 101 103 103 114 114 128 131
15 129 129 111 126 115 127 99 141 116 125 90 93 84 87 80 83 104 104 91 103 114 114 131 137
16 129 129 129 135 100 127 126 129 116 116 90 93 84 87 80 83 104 104 106 106 117 117 131 134
17 129 135 120 126 127 133 120 153 116 116 90 93 84 84 80 83 104 107 103 103 117 117 131 152
18 117 129 126 126 100 100 99 132 116 125 93 99 84 93 80 83 104 107 91 103 114 123 128 131
19 117 129 126 126 100 100 99 132 116 125 93 99 84 93 80 83 104 107 91 103 114 123 128 131
20 129 129 111 111 100 139 99 162 116 116 90 99 84 87 80 80 0 0 97 103 120 123 131 149
21 132 132 111 126 100 139 99 171 116 116 84 93 81 84 80 80 104 104 91 106 120 123 131 137
22 129 129 126 126 115 121 99 99 116 116 90 93 84 84 71 71 104 107 91 103 120 126 131 137
23 129 129 135 135 100 127 126 129 116 125 90 105 84 93 59 80 104 104 106 106 117 117 131 134
24 117 129 126 126 100 100 99 132 116 125 93 99 84 93 80 83 104 107 91 103 114 123 131 131
25 129 129 111 126 100 127 132 138 116 116 90 90 84 93 80 83 104 104 91 106 114 123 131 131
26 117 129 126 126 100 100 99 132 116 125 93 99 84 93 80 83 104 107 91 103 114 123 128 131
27 129 129 111 114 100 100 99 147 116 125 90 93 84 84 77 80 104 104 91 106 117 123 122 131
28 129 135 111 132 100 112 99 99 116 125 96 99 84 84 71 80 92 104 103 103 120 120 137 137
29 129 135 111 111 100 100 150 150 116 125 93 99 84 84 71 71 104 104 91 91 114 120 131 131
30 126 129 111 111 127 136 129 147 116 125 90 99 84 84 71 80 92 104 91 103 120 120 122 137
31 129 135 111 132 100 112 99 99 116 125 96 99 84 84 71 80 92 104 103 103 120 120 137 137
32 117 129 126 135 127 130 126 147 116 116 90 93 84 84 80 83 104 104 106 106 117 123 131 134
33 126 129 111 111 127 136 129 147 116 125 90 99 84 84 71 80 92 104 91 103 120 120 122 137
34 129 138 111 138 100 124 129 132 116 116 90 90 84 84 71 71 92 107 91 106 123 126 131 131
35 117 129 126 135 127 130 126 147 116 116 90 93 84 84 80 83 104 104 106 106 117 123 131 134
36 126 129 111 111 127 136 129 147 116 125 90 99 84 84 71 80 92 104 91 103 120 120 122 137
37 129 129 111 126 109 115 99 153 116 125 90 90 84 90 71 80 104 104 106 106 117 117 131 134
38 132 132 117 126 106 112 138 150 116 125 90 93 84 84 80 80 104 107 103 106 114 114 131 137
39 126 129 111 111 127 136 129 147 116 125 90 99 84 84 71 80 92 104 91 103 120 120 122 137
40 117 129 111 126 112 139 120 144 116 125 93 96 87 90 80 80 104 104 106 106 117 120 134 158
41 102 129 111 111 112 118 138 141 116 116 90 99 87 90 80 83 104 107 106 106 117 117 131 146
42 132 138 111 111 106 127 120 153 116 116 96 99 90 90 80 80 104 104 100 106 120 120 134 137
43 132 132 111 111 118 139 138 159 116 116 96 96 90 90 80 80 104 107 106 106 120 120 131 134
44 117 129 111 111 100 127 99 147 116 125 90 90 84 93 80 80 104 104 103 106 117 120 131 131
45 129 129 111 126 91 91 99 126 116 116 93 93 84 93 71 71 92 104 106 106 117 120 143 155
46 129 138 111 129 112 118 141 159 116 125 93 99 84 84 80 80 104 104 103 106 117 120 134 149
47 129 132 111 111 106 127 141 141 116 125 90 99 87 90 80 83 104 107 91 106 117 126 131 137
48 129 129 117 117 112 112 99 126 116 125 84 96 84 90 71 80 104 107 106 106 117 117 131 134
49 129 129 117 117 112 112 99 126 116 125 84 96 84 90 71 80 104 107 103 106 117 117 131 134
50 129 132 111 126 106 112 138 144 125 125 90 93 87 87 71 80 104 104 106 106 117 123 131 134
51 117 117 111 126 118 124 99 123 125 125 90 90 87 87 77 80 104 104 97 106 120 120 131 137
52 126 126 111 129 124 133 99 132 116 116 87 90 84 84 80 80 104 104 91 106 120 126 122 131
53 129 132 111 129 91 127 120 147 116 125 90 93 75 90 80 80 104 104 106 106 120 120 155 158
54 126 126 111 129 124 133 99 132 116 116 87 90 84 84 80 80 104 104 91 106 120 126 122 131
55 129 129 126 126 100 118 141 156 116 116 90 93 84 84 80 80 104 107 106 106 117 120 125 137
56 129 138 111 129 112 118 147 162 116 125 93 99 84 84 80 80 104 104 103 106 117 120 134 149
57 129 129 126 126 91 124 141 141 116 116 90 93 84 84 80 80 104 104 106 106 117 123 137 143
58 126 129 126 129 94 100 141 165 110 122 81 81 69 69 68 68 92 92 94 97 105 105 122 125
59 105 129 117 117 112 112 99 126 116 125 84 96 90 90 71 80 104 107 106 106 117 117 131 134
60 117 129 111 111 106 130 129 132 116 116 87 93 84 84 80 80 104 104 97 106 114 120 131 152
61 117 117 111 126 106 118 99 144 125 125 90 93 87 87 80 80 104 104 106 106 120 123 131 134
62 126 126 111 129 124 133 99 132 116 116 87 90 84 84 80 80 104 104 91 106 120 126 122 131
63 117 126 111 129 112 124 132 150 116 116 87 99 84 84 71 80 104 104 97 106 120 126 122 155
64 123 123 108 126 121 130 93 129 116 116 87 90 84 84 80 80 101 101 88 103 117 123 119 128
65 126 126 108 123 115 124 147 153 116 116 90 90 75 84 80 80 101 101 94 103 114 117 122 128
66 126 138 108 126 109 115 144 159 116 125 93 99 84 84 80 80 101 101 100 103 114 117 131 146
67 129 132 126 126 91 118 123 126 116 116 90 93 84 87 80 80 92 104 106 106 117 120 131 143
68 126 129 126 126 94 100 141 165 116 125 90 90 84 84 80 80 92 92 94 97 105 105 122 125
69 117 129 111 126 100 106 99 144 116 125 90 93 84 84 71 80 104 104 91 106 117 123 131 134
70 126 126 111 129 124 133 99 132 116 116 87 90 84 84 80 80 104 104 91 106 120 126 122 131
71 126 126 111 129 124 133 99 132 116 116 87 90 84 84 80 80 104 104 91 106 120 126 122 131
72 126 126 111 129 124 133 99 132 116 116 87 90 84 84 80 80 104 104 91 106 120 126 122 131
73 126 126 111 129 124 133 99 132 116 116 87 90 84 84 80 80 104 104 91 106 120 126 122 131
74 129 138 111 129 112 118 147 162 116 125 93 99 84 84 80 80 104 104 103 106 117 120 134 149
75 129 138 111 129 112 118 147 162 116 125 93 99 84 84 80 80 104 104 103 106 117 120 134 149
76 129 129 111 126 100 124 123 141 116 125 93 93 84 87 80 80 104 107 103 106 117 123 131 137
77 126 129 126 126 94 100 141 165 116 125 90 90 84 84 80 80 104 104 106 109 117 117 131 134
78 129 129 111 111 106 127 138 144 116 116 90 93 84 84 77 80 104 104 91 106 120 123 131 131
79 117 129 111 117 121 121 135 144 116 125 93 93 84 84 80 86 104 107 106 106 123 123 131 131
80 117 129 111 117 121 121 135 144 116 125 93 93 84 84 80 86 101 104 103 103 120 120 128 128
81 129 129 111 111 115 118 132 150 116 116 90 93 84 84 80 80 104 107 106 106 120 126 131 131
82 102 129 111 111 103 118 123 144 116 116 93 99 84 90 80 80 104 107 103 106 117 120 134 134
83 117 129 111 117 121 121 135 144 116 125 93 93 84 84 80 86 104 107 106 106 123 123 131 131
84 129 129 111 111 115 118 132 144 116 125 96 99 87 93 80 80 95 104 97 106 117 126 134 155
85 129 129 111 111 115 118 132 150 116 116 90 93 84 84 80 80 104 107 106 106 120 126 131 131
86 102 129 111 111 103 118 123 144 116 116 93 99 84 90 80 80 104 107 106 106 117 120 134 134
87 132 138 126 138 124 133 99 99 116 125 90 93 84 84 80 80 104 107 91 106 117 126 119 131
88 129 138 111 114 100 115 123 144 116 125 90 99 84 90 71 80 92 104 106 106 117 123 131 134
89 129 138 111 114 100 115 123 144 116 125 90 99 84 90 71 80 92 104 106 106 117 123 131 134
90 117 129 111 132 106 112 138 144 116 125 90 93 90 90 80 80 92 104 106 106 114 120 137 137
91 117 129 114 126 100 124 123 144 116 125 84 99 84 84 71 80 104 104 91 106 117 117 131 134
92 117 129 111 117 121 121 135 144 116 125 93 93 84 84 80 86 104 107 106 106 123 123 131 131
93 129 138 111 114 100 115 123 144 116 125 90 99 84 90 71 80 92 104 106 106 117 123 131 134
94 129 138 111 114 100 115 123 144 116 125 90 99 84 90 71 80 92 104 106 106 117 123 131 134
95 114 126 108 129 103 109 135 141 116 125 90 93 90 90 80 80 89 101 103 103 111 117 134 134
96 126 126 108 138 103 112 141 150 113 113 87 96 78 87 77 77 101 101 94 100 111 123 128 134
97 126 126 108 108 103 115 117 141 113 113 93 96 78 78 77 77 92 101 100 103 111 117 131 134
98 129 129 111 135 115 121 117 153 116 125 90 90 84 84 71 80 104 107 106 106 117 126 131 131
99 129 141 111 111 109 118 99 138 116 125 90 99 81 81 80 83 104 107 106 106 114 117 134 149
100 117 129 126 129 112 115 99 129 116 125 93 93 84 90 71 80 104 104 91 91 120 123 131 134
101 126 126 108 108 112 115 117 129 113 122 87 93 78 81 77 77 92 104 100 103 117 123 128 131
102 129 129 111 111 115 118 99 138 116 116 84 93 84 87 71 80 104 104 106 106 120 126 131 134
103 129 129 123 129 118 130 120 120 116 125 90 93 84 84 80 83 104 104 106 106 120 126 134 134
104 126 126 108 138 103 112 141 150 113 113 87 96 78 87 77 77 101 101 94 100 111 123 128 134
105 129 129 111 138 115 121 117 153 116 125 90 90 84 84 71 80 104 107 106 106 117 126 131 131
106 129 129 111 135 115 121 117 153 116 125 90 90 84 84 71 80 104 107 106 106 117 126 131 131
107 129 141 111 111 109 118 99 138 116 125 90 99 84 84 80 83 104 107 106 106 114 117 134 149
108 117 129 126 129 112 115 99 129 116 125 93 93 84 90 71 80 104 104 91 91 120 123 131 134
109 129 129 135 135 112 124 135 150 116 125 90 93 84 87 83 83 104 110 106 106 117 120 128 131
110 129 129 111 111 115 127 120 120 116 125 90 96 84 87 71 80 104 107 106 106 123 126 131 131
111 114 126 108 111 121 121 117 117 113 113 87 90 78 81 77 77 101 101 103 103 117 117 128 128
112 117 117 111 111 0 0 0 0 116 125 96 96 87 87 80 80 107 107 103 103 117 120 0 0
113 123 132 102 102 106 127 84 117 116 125 90 93 84 90 80 86 104 104 91 106 126 126 131 134
114 129 129 111 135 115 121 117 153 116 125 90 90 84 84 71 80 104 107 106 106 117 126 131 131
115 129 135 111 129 112 118 99 165 116 116 90 90 84 84 80 80 104 104 91 106 117 117 137 137
116 117 129 126 129 0 0 0 0 116 125 93 93 0 0 0 0 104 104 91 91 0 0 0 0
117 129 135 111 129 112 118 99 165 116 116 90 90 84 84 80 80 104 104 91 106 117 117 137 137
118 129 129 111 111 115 127 120 120 116 125 90 96 84 87 71 80 104 107 106 106 123 126 131 131
119 117 129 111 114 124 124 120 120 116 116 90 93 84 87 80 80 104 104 106 106 120 120 131 131
120 117 117 0 0 0 0 0 0 116 125 96 96 87 87 80 80 107 107 103 103 117 120 0 0
121 117 129 126 126 100 100 99 132 116 125 93 99 84 93 80 83 104 107 91 103 114 123 128 131
122 138 138 123 132 124 127 147 150 116 116 90 90 84 87 80 80 104 104 106 106 117 135 134 134
123 129 141 111 111 109 118 99 138 116 125 90 99 84 84 80 83 116 125 90 99 84 84 80 83
124 117 129 126 129 112 115 99 129 116 125 93 93 84 90 71 80 104 104 91 91 120 120 131 134
125 117 129 126 129 112 115 99 129 116 125 93 93 84 90 71 80 104 104 91 91 120 123 131 134
126 117 129 111 135 115 124 117 120 116 125 96 99 84 90 71 80 104 110 106 106 117 126 131 131
127 129 129 111 111 118 118 99 150 116 125 90 99 84 84 71 80 107 107 106 106 117 120 137 152