50	8	0
SSR1
SSR2
SSR3
SSR4
SSR5
SSR6
SSR7
SSR8
1	6	7	7	7	6	8	6	10	2	6	7	8	6	9	5	9
2	2	6	4	7	2	3	7	7	6	9	9	10	5	5	3	3
3	4	10	2	8	7	10	1	2	5	6	1	8	3	7	7	9
4	6	8	1	1	1	6	3	3	6	9	2	2	6	7	2	5
5	5	7	6	8	1	2	7	9	2	6	1	2	3	7	2	9
6	4	6	5	7	8	10	2	2	4	7	3	3	5	10	8	10
7	5	6	2	7	5	10	5	6	1	3	3	3	4	10	5	6
8	6	6	2	8	1	1	5	6	9	9	3	4	4	5	5	10
9	4	10	8	8	10	10	1	5	5	6	5	10	5	7	4	8
10	4	4	4	7	7	7	7	9	2	3	5	8	3	6	7	7
11	4	8	2	2	8	9	6	6	6	6	9	9	4	4	4	4
12	3	3	1	8	8	8	3	3	2	2	1	5	10	10	4	4
13	3	7	2	5	9	10	3	3	3	8	3	4	3	8	6	6
14	2	2	4	7	5	7	2	10	1	8	1	7	1	2	8	9
15	3	10	3	3	1	10	8	9	3	7	6	10	3	8	8	8
16	3	4	2	5	10	10	0	0	4	10	2	8	4	10	4	6
17	4	6	10	10	3	8	3	8	2	6	4	7	1	10	4	4
18	5	6	5	5	5	8	7	7	4	7	5	8	9	9	2	8
19	2	2	10	10	8	8	10	10	2	9	9	9	1	4	5	5
20	4	7	7	7	5	10	2	9	6	7	1	1	1	8	7	9
21	10	10	6	7	7	7	6	10	2	8	7	7	6	6	6	9
22	3	3	0	0	1	6	2	7	6	9	4	9	7	9	2	2
23	3	7	2	4	3	8	8	9	7	8	7	8	8	9	5	10
24	8	9	5	6	4	8	9	9	1	8	6	10	8	9	5	7
25	4	7	3	4	2	7	2	9	6	10	3	5	6	8	8	8
26	7	7	1	6	7	7	3	3	9	9	5	9	8	9	5	8
27	6	9	2	2	1	7	7	7	7	7	7	7	6	8	2	2
28	7	8	1	7	5	8	1	5	2	4	7	8	2	8	3	5
29	6	10	3	10	7	8	9	10	1	10	2	7	2	6	4	8
30	6	7	1	7	5	7	8	10	7	9	6	7	1	5	6	10
31	3	10	10	10	8	8	1	1	6	8	7	7	1	4	4	5
32	5	10	1	5	6	8	2	5	2	7	2	8	7	9	8	9
33	3	5	7	8	5	9	1	7	6	8	2	3	3	7	6	8
34	9	10	1	2	1	2	5	9	7	8	5	10	2	2	4	8
35	4	4	2	7	7	10	2	6	2	7	10	10	2	6	7	7
36	6	9	0	0	8	9	1	1	8	8	10	10	5	5	8	10
37	4	10	3	3	6	8	9	10	4	10	7	10	2	6	2	8
38	3	4	1	8	3	10	3	7	6	6	3	10	1	4	8	10
39	2	2	7	7	9	10	1	9	5	7	1	10	3	7	6	8
40	6	6	10	10	7	8	2	9	6	9	2	6	4	4	8	8
41	2	8	2	7	5	5	2	7	7	9	2	9	1	5	2	10
42	2	2	4	7	6	9	10	10	3	10	1	2	3	5	2	6
43	7	9	3	8	5	10	9	9	9	10	4	9	8	10	7	7
44	7	7	2	6	7	7	3	3	9	9	9	9	6	8	4	4
45	0	0	2	4	9	10	7	7	1	9	3	10	3	9	8	9
46	2	10	10	10	4	4	0	0	8	8	7	9	1	2	4	4
47	7	10	6	7	7	9	3	3	5	8	9	10	3	3	3	3
48	3	3	1	1	8	9	1	1	8	9	5	7	4	5	5	5
49	3	7	2	4	10	10	7	8	10	10	2	9	2	3	3	10
50	7	8	2	2	6	8	5	8	4	7	4	8	1	9	5	9
