113 12 0
Gene_1
Gene_6
Gene_7
Gene_11
Gene_AE
Gene_AM
Gene_R
Gene_AC
Gene_44
Gene_49
Gene_50
Gene_55
1 129 129 111 120 118 118 102 141 116 116 93 93 84 84 80 83 104 107 103 112 111 117 131 131
2 129 129 111 129 100 103 99 138 116 116 90 90 84 90 80 80 104 104 103 106 114 126 131 131
3 129 132 111 123 100 115 138 144 116 125 90 90 84 84 80 80 104 104 103 112 117 120 131 131
4 129 138 111 111 100 124 99 141 116 125 90 99 84 87 80 80 104 110 91 91 117 117 134 137
5 129 135 111 123 100 103 99 138 116 116 90 93 84 84 80 80 104 104 97 103 120 126 131 134
6 135 135 111 132 115 115 141 144 116 116 90 93 84 87 80 80 104 107 106 112 114 114 131 131
7 129 129 111 132 100 112 93 99 116 116 90 93 84 87 80 80 104 104 103 106 114 126 131 131
8 138 138 111 111 100 100 99 144 116 116 90 93 84 84 80 80 104 107 106 106 126 126 134 134
9 129 129 111 120 118 118 102 141 116 116 93 93 84 84 80 83 104 107 103 112 111 117 131 131
10 129 129 111 129 100 106 99 138 116 116 90 90 84 90 80 80 104 104 103 106 114 126 131 131
11 129 132 111 123 100 115 138 144 116 125 90 90 84 84 80 80 104 104 103 112 117 120 131 131
12 132 135 111 111 91 100 141 144 116 116 99 99 84 84 80 89 104 107 106 112 114 114 128 131
13 129 135 111 123 0 0 99 99 116 116 90 93 84 84 80 80 104 104 97 103 120 126 131 134
14 135 135 126 135 121 133 99 99 116 116 90 90 84 90 80 80 107 110 103 109 126 126 122 134
15 129 135 111 111 100 121 120 144 116 116 90 93 84 84 80 80 104 107 103 103 120 120 131 137
16 129 129 111 132 100 112 93 99 116 116 90 93 84 87 80 80 104 104 103 106 114 126 131 131
17 129 132 111 132 112 115 144 150 116 116 93 93 84 84 80 80 104 104 103 109 111 120 131 134
18 132 132 111 123 112 115 93 138 116 116 90 90 81 81 80 83 104 110 106 112 114 117 128 131
19 129 132 111 111 115 133 129 144 116 125 90 93 84 87 80 80 104 104 106 112 117 126 131 131
20 117 129 111 111 100 118 144 144 116 116 90 102 84 87 80 80 92 104 103 112 117 117 131 131
21 129 162 126 129 94 124 129 138 116 116 90 93 84 84 80 80 104 104 103 109 117 120 131 134
22 135 135 111 132 115 115 141 144 116 116 90 93 84 87 80 80 104 107 106 112 114 114 131 131
23 129 129 111 111 106 130 141 147 116 116 90 93 84 87 83 83 104 107 106 109 123 126 134 182
24 129 129 111 132 100 112 93 99 116 116 90 93 84 87 80 80 104 104 103 106 114 126 131 131
25 135 135 132 138 100 103 138 141 116 116 90 90 84 84 80 80 101 104 103 106 117 126 131 131
26 138 138 111 126 91 91 144 147 116 116 90 93 81 87 80 83 92 104 103 109 114 114 131 131
27 129 129 111 111 91 100 93 141 116 125 90 93 84 87 80 80 104 104 103 106 120 126 131 131
28 129 129 126 135 94 103 138 141 116 116 90 90 84 84 80 80 104 104 97 106 114 117 131 137
29 129 129 120 126 103 115 126 147 116 116 90 99 84 102 80 80 104 104 103 106 117 126 131 131
30 138 138 126 129 94 100 144 144 116 116 84 93 84 90 80 83 104 104 106 106 117 117 131 131
31 132 135 111 111 106 112 120 147 116 116 90 93 84 87 80 83 104 107 106 109 123 123 131 131
32 129 129 111 126 103 103 141 144 116 116 90 90 84 84 80 80 104 107 97 112 117 117 131 137
33 132 132 117 123 112 127 93 99 116 116 90 90 84 87 83 89 104 107 106 106 120 123 131 131
34 132 141 111 132 100 100 99 144 116 116 90 93 84 87 80 80 92 104 103 109 117 126 131 131
35 132 135 111 126 100 100 114 147 116 116 90 90 84 87 83 83 104 107 103 109 0 0 131 134
36 132 132 111 120 115 121 132 141 116 116 90 96 84 87 80 80 104 107 106 112 120 126 131 131
37 141 141 111 132 100 112 120 138 116 116 90 93 84 87 80 89 104 110 97 109 117 117 131 131
38 129 129 111 111 109 115 99 138 116 116 93 96 84 84 80 80 104 107 100 109 114 126 131 134
39 129 129 111 123 109 115 99 135 116 116 90 93 84 87 80 80 92 104 100 103 114 123 131 131
40 129 135 111 132 103 103 114 114 116 116 93 99 0 0 80 80 104 104 106 109 0 0 131 131
41 129 132 114 123 112 118 99 117 116 116 90 96 87 87 83 83 104 107 97 103 117 126 134 134
42 129 129 111 123 112 121 99 132 116 116 90 93 87 87 80 89 104 107 106 112 120 123 131 131
43 129 129 111 123 103 121 99 141 116 116 90 93 84 87 80 89 92 107 106 106 120 126 131 131
44 129 135 111 111 100 130 144 147 116 125 90 90 84 87 59 80 104 104 106 112 123 126 131 134
45 102 138 111 132 100 112 120 138 116 116 90 93 84 87 80 89 104 110 97 109 117 117 131 131
46 135 138 111 111 100 100 141 141 116 116 90 90 81 87 80 80 92 104 109 109 117 123 131 131
47 129 138 111 123 118 121 99 132 116 116 90 93 87 87 80 89 104 104 103 112 117 120 131 131
48 129 129 111 111 100 100 138 138 116 116 93 93 84 90 80 80 104 107 103 109 111 123 131 131
49 129 129 120 123 91 121 99 132 116 116 93 96 84 87 80 80 104 107 106 112 114 120 122 131
50 129 129 117 123 112 124 93 99 116 116 90 90 84 87 83 89 104 107 106 106 120 123 131 131
51 129 129 111 123 103 121 99 141 116 116 90 93 84 87 80 89 92 107 106 106 120 126 131 131
52 129 129 123 126 103 115 123 150 116 116 90 90 84 84 80 80 104 104 103 103 114 126 131 134
53 129 129 111 111 100 133 99 165 116 116 90 93 84 84 80 80 107 107 97 103 114 117 131 182
54 129 132 111 123 100 103 114 141 116 116 93 96 84 87 80 80 92 104 109 109 120 126 137 173
55 129 132 111 126 94 118 93 147 116 125 90 99 84 84 80 80 104 107 103 103 120 126 131 131
56 129 135 111 132 103 103 114 150 116 116 93 99 81 90 80 80 104 104 106 109 117 126 131 131
57 129 129 111 123 112 133 129 132 116 116 90 90 84 84 80 83 104 107 106 109 114 123 131 131
58 129 129 111 123 112 121 99 132 116 116 90 93 87 87 80 89 104 107 106 112 120 123 131 131
59 129 129 111 123 103 121 99 141 116 116 90 93 84 87 80 89 92 107 106 106 120 126 131 131
60 129 129 111 126 91 91 114 138 116 116 93 93 84 90 80 80 92 104 106 112 120 120 131 134
61 129 129 111 111 100 133 99 165 116 116 90 93 84 84 80 80 107 107 97 103 114 117 131 182
62 129 129 111 111 109 115 99 138 116 116 93 96 84 84 80 80 104 107 100 109 114 126 131 134
63 129 129 111 123 109 115 99 135 116 116 90 93 84 87 80 80 92 104 100 103 114 123 131 182
64 132 135 111 129 100 115 141 141 116 116 99 105 84 84 80 80 104 107 91 106 117 117 131 131
65 138 138 111 135 100 103 138 147 116 125 93 96 84 84 80 80 104 104 103 106 126 126 128 131
66 132 132 126 138 91 112 93 147 116 116 93 93 81 87 80 80 104 104 103 106 114 114 131 134
67 138 141 111 111 103 124 93 129 116 116 90 96 87 87 80 83 104 107 103 106 111 117 131 134
68 129 129 111 111 91 100 132 132 116 116 93 93 84 87 80 80 104 104 94 106 126 126 131 131
69 135 135 111 138 103 136 123 147 116 116 90 90 84 84 80 80 104 107 106 109 114 126 131 131
70 117 129 111 132 91 115 93 99 116 116 90 93 81 87 80 80 104 107 103 103 114 120 128 131
71 129 129 111 126 100 115 141 147 116 116 90 102 84 102 80 80 104 104 94 94 117 120 128 131
72 138 141 111 111 103 124 93 129 116 116 90 96 87 87 80 83 104 107 103 106 111 117 131 134
73 135 135 111 135 100 103 138 147 116 125 93 96 84 84 80 80 104 104 103 106 126 126 128 131
74 126 129 126 135 91 112 147 147 116 116 90 93 84 87 80 80 104 104 103 106 114 114 131 134
75 129 129 111 111 91 100 132 132 116 116 93 93 84 87 80 80 104 104 94 106 126 126 131 131
76 135 159 111 132 91 127 141 141 116 116 93 102 81 81 80 80 104 104 103 106 114 126 131 131
77 129 132 111 111 115 115 144 150 116 116 90 102 84 87 80 80 104 107 103 112 114 117 131 131
78 129 129 132 132 91 91 93 99 116 116 93 93 84 87 80 80 104 104 103 106 114 120 131 134
79 129 129 111 111 91 100 132 132 116 116 93 93 81 87 80 80 104 104 94 106 126 126 131 131
80 129 129 111 132 109 112 126 135 116 116 90 90 87 87 80 80 104 107 103 106 126 126 131 134
81 135 135 111 123 91 112 141 144 116 116 90 93 84 84 80 80 92 107 106 106 117 126 134 134
82 129 135 111 135 112 130 99 120 116 116 93 93 81 81 80 80 104 110 103 109 117 126 122 131
83 129 135 111 135 112 130 99 120 116 116 93 93 84 84 80 80 104 110 103 109 117 126 122 131
84 129 171 111 138 91 124 132 135 116 116 96 102 84 87 80 80 104 104 106 106 114 120 131 137
85 129 129 111 111 100 103 138 147 116 116 90 96 81 81 83 83 104 104 106 109 120 120 131 134
86 129 135 111 135 112 130 99 120 116 116 93 93 0 0 80 80 104 110 103 109 117 126 122 131
87 129 135 111 135 112 130 99 120 116 116 93 93 84 84 80 80 104 110 103 109 117 126 122 131
88 129 135 111 135 112 130 99 120 116 116 93 93 84 84 80 80 104 110 103 109 117 126 122 131
89 129 132 111 111 100 100 117 150 116 125 90 93 84 84 80 80 104 107 106 109 123 126 131 131
90 129 135 126 135 100 115 138 141 116 116 90 90 84 84 80 80 107 110 103 112 114 114 131 131
91 129 135 111 135 112 130 99 120 116 116 93 93 84 84 80 80 104 110 103 109 117 126 122 131
92 129 135 111 135 112 130 99 120 116 116 93 93 84 84 80 80 104 110 103 109 117 126 122 131
93 129 135 111 135 112 130 99 120 116 116 93 93 84 84 80 80 104 110 103 109 117 126 122 131
94 102 129 111 132 100 115 141 144 116 116 90 90 84 87 80 80 92 104 103 109 114 126 131 131
95 129 129 111 111 100 103 138 147 116 116 90 96 84 84 83 83 104 104 106 109 120 120 131 134
96 129 132 111 132 100 103 138 138 116 125 90 93 84 84 80 80 104 107 103 106 117 126 131 131
97 129 135 111 135 112 130 99 120 116 116 93 93 84 84 80 80 104 110 103 109 117 126 122 131
98 102 129 111 132 100 115 141 144 116 116 90 90 84 87 80 80 104 104 103 109 114 126 131 131
99 102 129 111 132 100 115 141 144 116 116 90 90 84 87 80 80 104 104 103 109 114 126 131 131
100 132 138 111 123 103 130 129 138 116 125 93 93 84 84 80 80 104 104 109 109 117 126 131 134
101 129 129 111 129 100 100 111 144 116 116 93 96 87 87 80 80 104 104 103 106 117 120 131 134
102 129 129 111 111 100 100 111 144 116 116 93 96 87 87 80 80 104 104 103 106 117 120 131 134
103 129 129 111 111 100 100 111 144 116 116 93 96 87 87 80 80 104 104 103 106 117 120 131 134
104 129 129 111 111 100 100 111 144 116 116 93 96 87 87 80 80 104 104 103 106 117 120 131 134
105 129 129 111 129 100 100 111 144 116 116 93 96 87 87 80 80 104 104 103 106 117 120 131 134
106 129 129 111 129 100 100 111 144 116 116 93 96 87 87 80 80 104 104 103 106 117 120 131 134
107 129 138 111 126 115 118 141 144 116 116 90 90 84 84 80 80 104 107 103 106 114 114 131 131
108 129 129 111 129 100 100 111 144 116 116 93 96 87 87 80 80 104 104 103 106 117 120 131 134
109 129 129 111 129 100 100 111 144 116 116 93 96 87 87 80 80 104 104 103 106 117 120 131 134
110 129 129 111 129 100 100 111 144 116 116 93 96 87 87 80 80 104 104 103 106 117 120 131 134
111 129 129 111 129 97 100 111 144 116 116 93 96 87 87 80 80 104 104 103 106 117 120 131 134
112 129 129 111 129 100 100 117 144 116 116 93 96 87 87 80 80 104 104 103 106 117 120 131 134
113 129 129 111 111 109 112 126 135 116 116 90 90 87 87 80 80 104 107 103 106 126 126 131 134