

GenoDive 3.06, 2024-07-24 14:54:46 +0000
Hardy-Weinberg.
File: Long_Island_ten_pops_one_col_07_23_24
662 of 1060 individuals included, 12 of 12 loci included

– Values of G_is per population and per locus:

Population	Locus_01	Locus_06	Locus_07	Locus_11	Locus_AE	Locus_AM	Locus_R	Locus_AC	Locus_44	Locus_49	Locus_50	Locus_55	Multi-locus
PelhamBay	0.264	0.240	0.076	0.050	-0.028	0.016	0.285	0.176	0.246	0.210	0.196	0.094	0.147
Caumsett	0.302	-0.073	0.104	0.066	-0.062	0.036	0.123	0.297	-0.176	-0.048	0.138	0.019	0.064
JeromeAmbrose	0.112	0.056	0.046	0.041	0.261	0.083	-0.030	0.273	-0.114	0.106	0.290	0.229	0.097
WadingRiver	0.045	-0.021	0.031	0.009	0.336	0.027	0.012	-0.060	0.013	-0.025	-0.036	0.159	0.025
SammysBeach	0.251	-0.002	-0.106	-0.029	-0.243	-0.119	0.515	-0.031	0.138	-0.049	0.168	0.421	0.102
WmTDavies	0.324	0.012	0.103	0.125	0.063	0.033	-0.026	-0.102	-0.018	0.078	-0.019	0.234	0.083
AlleyCreek	0.216	0.070	-0.026	0.049	0.070	0.000	-0.058	-0.063	-0.022	-0.020	0.103	0.074	0.047
JonesBeach	0.183	0.113	-0.050	0.006	0.106	-0.122	0.001	-0.053	0.087	-0.029	0.151	-0.066	0.029
CedarBeachGI	0.058	-0.062	0.030	0.046	-0.161	-0.034	-0.025	-0.062	-0.129	-0.094	0.212	0.029	-0.002
Cupsogue	0.139	0.153	-0.054	-0.052	-0.059	0.071	0.088	0.173	-0.102	0.143	0.088	0.374	0.071
Overall		0.189	0.051	0.016	0.031	-0.021	-0.001	0.100	0.062	-0.005	0.033	0.129	0.171	0.067


– One-sided p-values of G_is per population and per locus (5000 permutation iterations):

Population	Locus_01	Locus_06	Locus_07	Locus_11	Locus_AE	Locus_AM	Locus_R	Locus_AC	Locus_44	Locus_49	Locus_50	Locus_55	Multi-locus
PelhamBay	0.000	0.000	0.025	0.082	0.438	0.438	0.000	0.008	0.001	0.002	0.001	0.056	0.000
Caumsett	0.000	0.125	0.013	0.058	0.729	0.363	0.091	0.005	0.016	0.258	0.016	0.458	0.000
JeromeAmbrose	0.085	0.271	0.246	0.217	0.064	0.255	0.450	0.036	0.196	0.123	0.001	0.010	0.000
WadingRiver	0.331	0.477	0.359	0.510	0.059	0.473	0.519	0.608	0.508	0.490	0.442	0.107	0.157
SammysBeach	0.001	0.667	0.078	0.397	0.021	0.138	0.000	0.520	0.162	0.828	0.102	0.000	0.000
WmTDavies	0.000	0.480	0.004	0.001	0.423	0.358	0.428	0.101	0.471	0.132	0.421	0.000	0.000
AlleyCreek	0.000	0.110	0.306	0.082	0.453	0.550	0.244	0.307	0.567	0.464	0.051	0.115	0.005
JonesBeach	0.001	0.088	0.108	0.501	0.214	0.091	0.551	0.628	0.227	0.414	0.015	0.218	0.076
CedarBeachGI	0.175	0.198	0.228	0.084	0.086	0.360	0.414	0.459	0.073	0.070	0.000	0.378	0.488
Cupsogue	0.047	0.030	0.133	0.104	0.338	0.241	0.178	0.084	0.165	0.041	0.141	0.000	0.000
Overall		0.000	0.007	0.128	0.006	0.291	0.468	0.000	0.018	0.445	0.081	0.000	0.000	0.000



___________________________________________________________________

GenoDive 3.06, 2024-07-24 14:58:09 +0000
Hardy-Weinberg.
File: Long_Island_ten_pops_one_col_07_23_24
1060 of 1060 individuals included, 12 of 12 loci included

– Values of G_is per population and per locus:

Population	Locus_01	Locus_06	Locus_07	Locus_11	Locus_AE	Locus_AM	Locus_R	Locus_AC	Locus_44	Locus_49	Locus_50	Locus_55	Multi-locus
PelhamBay	0.229	0.195	0.081	0.016	-0.140	0.010	0.221	0.058	0.131	0.236	0.171	0.052	0.106
Caumsett	0.297	-0.121	0.112	0.029	-0.052	0.071	0.236	0.288	-0.120	-0.117	0.059	-0.074	0.048
JeromeAmbrose	-0.089	-0.086	0.182	-0.030	0.268	0.026	-0.069	0.072	-0.221	0.147	0.348	0.205	0.050
WadingRiver	-0.006	-0.067	0.023	0.002	0.136	0.064	0.039	-0.037	0.052	0.023	-0.058	0.128	0.017
SammysBeach	0.255	-0.044	-0.138	-0.059	-0.261	-0.173	0.468	-0.107	0.078	-0.024	0.320	0.490	0.091
WmTDavies	0.374	-0.025	0.095	0.077	0.032	-0.012	0.029	-0.141	-0.036	0.078	-0.036	0.194	0.070
AlleyCreek	0.273	0.045	-0.055	0.049	0.092	0.172	-0.001	0.094	-0.022	0.071	0.110	0.115	0.081
JonesBeach	0.219	0.078	-0.037	-0.008	-0.001	-0.110	0.048	-0.045	0.192	-0.054	0.153	-0.129	0.030
CedarBeachGI	0.187	-0.086	0.002	0.044	-0.228	-0.040	-0.070	-0.059	-0.145	-0.055	0.222	0.008	0.000
Cupsogue	0.140	0.042	0.026	-0.073	-0.117	0.055	0.107	0.071	-0.170	0.162	0.115	0.375	0.064
Overall		0.190	-0.007	0.030	0.005	-0.093	-0.001	0.106	0.023	-0.023	0.052	0.133	0.155	0.056


– One-sided p-values of G_is per population and per locus:

Population	Locus_01	Locus_06	Locus_07	Locus_11	Locus_AE	Locus_AM	Locus_R	Locus_AC	Locus_44	Locus_49	Locus_50	Locus_55	Multi-locus
PelhamBay	0.000	0.000	0.007	0.326	0.040	0.465	0.000	0.175	0.018	0.000	0.001	0.146	0.000
Caumsett	0.000	0.004	0.003	0.212	0.742	0.163	0.001	0.000	0.043	0.010	0.136	0.150	0.001
JeromeAmbrose	0.061	0.068	0.000	0.207	0.025	0.400	0.134	0.242	0.001	0.010	0.000	0.002	0.002
WadingRiver	0.519	0.106	0.358	0.545	0.196	0.232	0.312	0.715	0.276	0.422	0.255	0.082	0.167
SammysBeach	0.000	0.373	0.001	0.048	0.000	0.001	0.000	0.080	0.160	0.898	0.000	0.000	0.000
WmTDavies	0.000	0.358	0.001	0.015	0.498	0.475	0.365	0.012	0.335	0.098	0.256	0.001	0.000
AlleyCreek	0.000	0.170	0.039	0.054	0.350	0.019	0.582	0.126	0.547	0.158	0.018	0.013	0.000
JonesBeach	0.000	0.145	0.144	0.490	0.523	0.063	0.308	0.630	0.010	0.231	0.002	0.008	0.033
CedarBeachGI	0.000	0.035	0.505	0.048	0.006	0.267	0.129	0.422	0.018	0.151	0.000	0.487	0.498
Cupsogue	0.014	0.298	0.271	0.006	0.096	0.214	0.068	0.253	0.011	0.008	0.034	0.000	0.000
Overall		0.000	0.339	0.003	0.304	0.001	0.483	0.000	0.165	0.159	0.003	0.000	0.000	0.000

