118 12 0
Gene_1
Gene_6
Gene_7
Gene_11
Gene_AE
Gene_AM
Gene_R
Gene_AC
Gene_44
Gene_49
Gene_50
Gene_55
1 135 135 111 111 106 121 93 144 116 116 99 102 87 87 80 80 92 104 103 106 117 120 131 131
2 135 135 111 111 106 121 93 144 116 116 99 102 87 87 80 80 92 104 103 106 117 120 131 131
3 138 138 123 123 115 118 135 150 116 125 93 99 84 87 80 80 104 107 97 106 111 114 131 134
4 132 138 111 123 115 115 141 150 116 116 90 93 84 87 80 80 104 107 106 106 114 117 131 134
5 132 138 111 123 115 115 141 150 116 116 90 93 84 87 80 80 104 107 106 106 114 117 131 134
6 135 138 111 123 91 91 126 126 116 116 90 99 84 84 80 80 104 107 88 88 114 117 134 134
7 135 135 111 111 106 121 93 144 116 116 99 102 87 87 80 80 92 104 103 106 117 120 131 131
8 135 135 111 111 118 118 135 135 116 116 99 99 84 84 80 80 92 104 88 88 114 114 134 134
9 138 138 123 123 115 118 135 150 116 125 93 99 84 87 80 80 104 107 97 106 111 114 131 134
10 129 129 111 126 106 109 147 147 116 116 93 93 84 87 80 83 104 107 103 106 114 117 134 134
11 129 129 111 111 130 133 144 147 116 125 93 96 84 84 80 80 104 104 103 106 126 126 119 131
12 132 132 111 129 97 97 132 144 116 116 93 93 84 87 80 80 92 107 106 106 120 126 131 131
13 129 129 111 129 97 97 132 144 116 116 93 93 84 87 80 80 92 107 106 106 120 126 131 131
14 129 129 111 114 106 124 138 156 116 116 93 99 84 87 80 80 107 107 103 106 114 114 131 134
15 132 138 111 123 115 115 141 150 116 116 90 93 84 87 80 80 104 107 106 106 114 117 131 134
16 132 150 111 111 100 103 144 144 116 116 90 90 78 87 80 83 107 107 91 106 114 117 131 137
17 126 126 111 111 130 133 144 147 116 125 93 96 84 84 80 80 104 104 103 106 126 126 119 131
18 132 132 111 129 97 97 132 144 116 116 93 93 84 87 80 80 92 107 106 106 120 126 131 131
19 132 132 111 129 97 109 132 144 116 116 93 93 84 87 80 80 92 107 106 106 120 126 131 131
20 129 129 111 126 106 109 147 147 116 116 93 93 84 87 80 80 104 107 103 106 114 117 131 134
21 0 0 0 0 0 0 0 0 116 116 90 93 84 87 80 80 104 104 103 106 114 114 119 134
22 129 135 111 111 91 118 93 126 116 116 90 99 84 90 80 80 104 104 88 97 114 126 134 134
23 132 150 111 111 100 103 144 144 116 116 90 90 78 87 80 83 107 107 91 106 114 117 131 137
24 132 135 111 111 109 109 144 144 116 125 93 93 84 87 80 83 104 107 97 106 114 114 119 125
25 135 141 111 111 91 109 144 144 116 125 93 93 84 87 80 86 92 104 97 106 114 114 125 125
26 132 135 111 111 109 109 144 144 116 125 93 93 84 87 80 83 104 107 97 106 114 114 119 125
27 129 132 120 129 109 121 141 144 116 116 90 93 84 87 80 80 107 107 109 109 114 114 134 134
28 129 129 126 129 112 121 144 153 116 116 93 96 84 87 80 83 107 107 106 109 114 114 131 134
29 132 132 111 120 109 121 141 159 116 116 93 99 78 87 68 80 104 107 97 97 117 120 119 119
30 132 135 111 111 109 109 144 144 116 116 93 93 84 87 80 83 104 107 97 106 114 114 119 125
31 135 141 111 111 91 91 144 144 116 125 93 93 84 87 80 86 92 104 97 106 114 114 125 125
32 138 138 111 126 115 124 147 147 116 116 93 93 84 84 80 80 104 107 106 106 114 126 131 134
33 126 129 120 129 109 121 141 144 116 116 90 93 84 87 80 80 107 107 109 109 114 114 134 134
34 120 123 111 126 109 112 99 162 116 116 93 96 84 87 80 80 104 107 106 106 114 120 137 152
35 132 153 111 129 100 109 120 165 116 116 90 93 84 87 80 80 104 104 106 109 114 120 119 119
36 132 132 111 120 109 121 141 159 116 116 93 99 78 87 68 80 104 107 97 97 117 120 0 0
37 123 132 111 126 103 109 141 153 116 116 93 99 84 87 80 80 104 107 106 106 120 123 131 131
38 105 132 111 114 100 103 126 129 116 116 90 93 84 84 80 80 104 107 97 106 117 120 131 131
39 132 153 111 129 100 109 120 165 116 116 90 93 84 87 80 80 104 104 106 109 114 120 119 119
40 132 132 111 120 109 121 141 159 116 116 93 99 78 87 68 80 104 107 97 97 117 120 0 0
41 117 126 111 126 100 109 99 144 116 125 90 93 84 84 80 80 104 107 91 106 111 117 131 131
42 117 126 111 126 100 109 99 141 116 125 90 93 84 84 80 80 104 107 91 106 111 117 131 131
43 126 129 126 132 112 115 141 141 116 125 93 93 84 84 80 80 107 107 91 97 117 120 131 134
44 126 132 111 120 103 124 129 138 116 116 90 96 72 90 80 80 92 104 106 109 117 120 131 131
45 126 129 111 111 91 91 147 147 116 125 93 96 84 87 80 80 104 104 103 106 114 126 134 152
46 129 132 111 123 106 121 93 135 116 116 99 99 87 87 80 80 104 107 106 106 114 126 131 131
47 132 141 111 120 115 121 141 147 116 116 93 93 87 87 68 80 107 107 97 109 117 120 119 119
48 132 135 111 114 100 109 141 147 116 116 90 90 84 87 80 80 104 107 106 106 117 126 128 128
49 117 117 105 108 79 79 141 147 116 116 93 99 84 84 80 83 104 104 97 109 120 126 131 134
50 129 132 111 123 103 109 138 144 116 116 84 90 87 111 80 80 104 107 106 106 114 129 125 131
51 129 132 111 123 103 109 138 144 116 116 84 90 87 111 80 80 104 107 106 106 114 129 125 131
52 123 123 111 114 88 100 144 147 116 116 93 99 84 84 80 83 104 104 97 109 120 126 131 134
53 123 123 111 114 88 100 144 147 116 116 93 99 84 84 80 83 104 104 97 109 120 126 131 134
54 123 123 111 114 88 100 144 147 116 116 93 99 84 84 80 83 104 104 97 109 120 126 131 134
55 123 123 111 114 88 100 144 147 116 116 93 99 84 84 80 83 104 104 97 109 120 126 131 134
56 123 123 111 114 88 100 144 147 116 116 93 99 84 84 80 83 104 104 97 109 120 126 131 134
57 120 120 111 114 88 88 144 147 116 116 93 99 84 84 80 83 104 104 97 109 120 126 131 134
58 120 120 111 114 88 100 144 147 116 116 93 99 84 84 80 83 104 104 97 109 120 126 131 134
59 129 132 111 123 103 109 138 144 116 116 84 90 87 111 80 80 104 107 106 106 114 129 125 131
60 129 138 111 126 112 124 144 150 116 116 93 99 84 87 80 80 104 104 97 106 114 117 122 134
61 120 120 111 114 88 100 144 147 116 116 93 99 84 84 80 83 104 104 97 109 120 126 131 134
62 120 120 111 114 88 100 144 147 116 116 93 99 84 84 80 83 104 104 97 109 120 126 131 134
63 129 132 111 123 103 109 138 144 116 116 84 90 87 111 80 80 104 107 106 106 114 129 125 131
64 132 150 111 111 127 127 150 150 116 116 90 93 84 87 71 80 104 107 103 103 117 117 131 131
65 132 132 111 111 112 112 144 150 116 116 90 90 84 90 80 80 107 107 106 106 114 117 131 131
66 129 129 111 111 100 109 120 138 116 125 93 99 84 84 80 83 104 107 106 106 117 126 131 134
67 138 141 111 123 124 124 135 156 116 125 90 99 84 90 71 80 0 0 106 106 114 114 131 131
68 138 138 111 123 106 109 138 153 116 125 93 99 84 84 80 80 104 104 97 106 114 126 131 131
69 132 138 111 111 100 121 99 144 116 116 93 99 78 87 80 83 104 107 97 97 120 126 134 137
70 132 132 111 123 109 109 144 147 116 125 93 93 87 99 68 80 104 104 106 106 117 117 131 134
71 126 141 111 123 106 115 135 150 116 116 90 93 84 87 80 80 92 107 106 106 117 126 131 131
72 126 129 111 117 100 109 141 141 116 116 90 90 84 93 80 80 104 110 91 97 117 126 131 131
73 126 129 129 135 112 124 144 150 116 125 93 93 84 87 80 80 104 104 109 109 120 120 131 131
74 126 126 123 123 109 112 123 135 116 116 90 93 84 84 80 80 104 110 97 106 117 117 131 134
75 132 138 111 123 91 109 135 165 116 116 90 93 84 87 80 80 92 107 106 106 111 120 131 131
76 120 132 111 117 109 130 135 141 116 116 90 93 84 84 80 80 107 107 103 106 117 120 131 134
77 129 129 114 129 100 100 99 108 116 116 90 102 84 96 80 80 104 110 106 109 120 126 131 131
78 126 141 111 123 106 115 135 150 116 116 90 93 84 87 80 80 92 107 106 106 117 126 131 131
79 135 135 126 126 100 124 126 126 116 116 90 90 84 87 80 80 104 104 91 109 111 120 134 137
80 129 132 111 129 91 109 144 147 116 116 90 90 87 87 80 92 104 107 97 106 114 120 131 137
81 126 126 123 123 109 112 123 135 116 116 90 93 84 84 80 80 104 110 97 106 117 117 131 134
82 132 132 126 129 88 97 147 147 116 125 90 90 84 87 80 83 92 107 106 109 114 123 134 134
83 138 153 111 111 109 130 141 156 116 116 93 99 87 87 80 80 107 107 106 106 114 117 131 143
84 138 138 123 123 103 109 129 144 116 125 93 93 84 87 80 83 104 104 97 109 120 120 131 131
85 150 150 111 129 91 109 144 147 116 116 90 90 87 87 80 92 104 107 97 106 114 120 131 137
86 129 135 114 126 94 100 126 153 125 125 90 90 84 93 80 86 104 107 91 106 117 126 131 131
87 129 129 111 117 103 109 135 171 116 116 90 93 84 96 80 92 104 110 97 106 111 117 134 134
88 126 135 123 126 94 103 135 138 116 116 93 93 84 87 80 92 110 113 91 109 117 117 131 131
89 129 132 111 129 97 100 132 147 116 125 90 99 84 87 80 83 92 104 103 106 114 123 131 131
90 138 153 111 111 109 130 141 156 116 116 93 99 87 87 80 80 107 107 106 106 114 117 131 143
91 129 129 111 114 109 115 126 156 116 116 90 99 84 84 80 80 107 107 106 106 114 117 119 134
92 132 150 111 123 121 124 147 147 116 116 90 99 84 87 80 80 104 107 106 109 111 120 131 134
93 138 138 111 111 103 115 144 150 116 116 90 102 84 90 80 80 104 107 106 106 114 120 131 134
94 132 132 111 114 109 115 126 126 116 116 90 99 84 84 80 80 107 107 106 106 114 117 119 134
95 132 141 111 120 115 121 141 147 116 116 93 93 87 87 68 80 107 107 97 109 117 120 119 119
96 129 132 111 123 106 121 93 135 116 116 99 99 87 87 80 80 104 107 106 106 114 126 131 131
97 150 150 111 123 97 121 141 150 116 116 93 99 87 87 80 83 92 104 97 109 120 123 131 152
98 135 138 111 123 106 118 153 156 116 116 90 99 87 90 80 80 107 107 88 106 114 120 134 137
99 141 153 111 111 106 121 150 150 116 116 90 99 87 90 68 80 104 107 97 106 114 117 137 155
100 150 150 111 123 91 112 99 147 116 116 93 99 84 84 71 80 104 107 106 106 114 120 131 134
101 132 132 123 123 109 121 138 147 116 116 87 93 84 87 83 83 107 110 97 109 117 120 131 134
102 123 150 111 111 91 103 93 150 125 125 96 102 84 84 80 89 104 107 97 106 114 126 131 188
103 150 150 123 129 100 112 141 147 116 116 93 99 84 84 80 83 104 107 106 109 111 114 131 131
104 153 153 111 123 97 121 141 150 116 116 93 99 87 87 80 83 92 104 97 109 120 123 131 152
105 129 132 111 114 100 109 141 147 116 116 90 90 81 87 80 80 104 107 106 106 117 126 128 176
106 129 150 111 111 91 115 135 144 116 125 90 93 84 84 80 89 104 107 97 106 114 126 134 140
107 129 135 111 111 100 103 129 141 116 116 93 102 84 84 80 80 104 107 106 106 114 126 134 134
108 129 135 123 129 97 106 138 147 116 116 93 93 84 84 80 80 92 107 106 106 114 123 134 134
109 138 150 111 111 106 121 150 156 116 116 90 99 87 90 68 80 104 107 97 106 114 117 137 155
110 147 147 123 129 100 112 141 147 116 116 93 99 84 84 80 83 104 107 106 109 111 114 131 131
111 135 150 111 111 127 139 141 147 116 116 90 93 87 87 71 80 104 104 97 109 117 126 131 131
112 135 135 111 111 109 109 123 156 116 125 90 99 87 87 80 83 107 107 106 109 114 114 137 155
113 129 147 111 111 91 115 135 144 116 125 90 93 84 84 80 89 104 107 97 106 114 126 134 140
114 129 171 123 129 109 127 138 147 116 116 87 99 84 87 80 83 92 104 106 109 117 126 134 134
115 126 168 123 126 115 124 132 165 116 116 99 102 84 87 80 80 104 104 106 106 111 114 131 131
116 135 138 111 123 106 136 99 156 116 125 90 99 84 90 80 83 107 107 88 106 114 126 131 134
117 102 135 111 123 97 109 138 141 116 116 90 99 84 87 80 83 107 110 97 109 117 123 134 152
118 135 135 111 123 97 112 141 147 116 116 90 93 84 84 80 80 92 107 106 106 117 123 134 152